22 110 1824
69 14 16 1.0
5 1 7 1.0
0 21 0 1.0
75 15 19 1.0
77 16 13 1.0
26 5 4 1.0
33 7 6 1.0
6 1 0 1.0
65 13 17 1.0
71 14 9 1.0
46 9 5 1.0
55 11 14 1.0
12 3 1 1.0
22 5 6 1.0
67 14 13 1.0
44 9 12 1.0
98 20 18 1.0
106 21 17 1.0
78 16 14 1.0
14 3 4 1.0
80 16 20 1.0
54 11 12 1.0
63 13 15 1.0
74 15 16 1.0
50 10 16 1.0
17 4 1 1.0
68 14 15 1.0
99 20 19 1.0
10 2 5 1.0
91 18 14 1.0
82 17 18 1.0
73 15 14 1.0
45 9 16 1.0
60 12 13 1.0
84 17 20 1.0
87 18 17 1.0
15 3 7 1.0
53 11 10 1.0
83 17 19 1.0
27 6 5 1.0
23 5 7 1.0
58 12 10 1.0
4 1 4 1.0
102 0 1 1.0
88 18 19 1.0
93 19 18 1.0
85 17 21 1.0
30 6 10 1.0
101 20 16 1.0
2 1 2 1.0
52 11 9 1.0
34 7 8 1.0
1 0 21 1.0
70 14 17 1.0
61 12 6 1.0
39 8 7 1.0
72 15 13 1.0
42 9 10 1.0
94 19 20 1.0
19 4 3 1.0
35 7 10 1.0
11 2 0 1.0
56 11 6 1.0
40 8 12 1.0
8 2 3 1.0
31 6 2 1.0
57 12 9 1.0
64 13 16 1.0
107 21 18 1.0
20 4 7 1.0
47 10 9 1.0
29 6 8 1.0
28 6 7 1.0
25 5 11 1.0
21 4 0 1.0
59 12 11 1.0
16 3 0 1.0
105 0 4 1.0
32 7 5 1.0
97 20 17 1.0
79 16 15 1.0
51 10 5 1.0
76 15 9 1.0
95 19 21 1.0
100 20 21 1.0
90 18 21 1.0
18 4 2 1.0
49 10 12 1.0
7 2 1 1.0
48 10 11 1.0
109 21 20 1.0
41 8 4 1.0
13 3 2 1.0
36 7 3 1.0
89 18 20 1.0
92 19 17 1.0
81 16 11 1.0
9 2 4 1.0
24 5 8 1.0
108 21 19 1.0
96 19 13 1.0
3 1 3 1.0
38 8 6 1.0
104 0 3 1.0
43 9 11 1.0
86 17 14 1.0
62 13 14 1.0
37 8 5 1.0
66 13 11 1.0
103 0 2 1.0
0 1 0 21 43 9 11 1.04
1 1 0 21 76 15 9 0.95
2 1 0 21 49 10 12 0.95
3 1 0 21 85 17 21 1.04
4 1 0 21 59 12 11 0.95
5 1 0 21 52 11 9 0.95
6 1 0 21 66 13 11 0.95
7 1 0 21 92 19 17 1.04
8 1 0 21 82 17 18 0.95
9 1 0 21 78 16 14 1.04
10 1 0 21 105 0 4 0.95
11 1 0 21 91 18 14 0.95
12 1 0 21 70 14 17 1.04
13 1 0 21 53 11 10 1.04
14 1 0 21 72 15 13 1.04
15 1 0 21 99 20 19 1.04
16 1 0 21 42 9 10 0.95
17 1 0 21 96 19 13 1.04
18 1 0 21 83 17 19 0.95
19 1 0 21 8 2 3 1.04
20 1 0 21 54 11 12 1.04
21 1 0 21 67 14 13 0.95
22 1 0 21 34 7 8 1.04
23 1 0 21 16 3 0 0.95
24 1 0 21 4 1 4 1.04
25 1 0 21 46 9 5 0.95
26 1 0 21 75 15 19 1.04
27 1 0 21 26 5 4 1.04
28 1 0 21 29 6 8 0.95
29 1 0 21 88 18 19 1.04
30 1 0 21 25 5 11 0.95
31 1 0 21 5 1 7 0.95
32 1 0 21 102 0 1 0.95
33 1 0 21 14 3 4 0.95
34 1 0 21 2 1 2 1.04
35 1 0 21 61 12 6 0.95
36 1 0 21 68 14 15 0.95
37 1 0 21 44 9 12 0.95
38 1 0 21 84 17 20 1.04
39 1 0 21 10 2 5 0.95
40 1 0 21 15 3 7 0.95
41 1 0 21 74 15 16 0.95
42 1 0 21 41 8 4 1.04
43 1 0 21 71 14 9 1.04
44 1 0 21 22 5 6 0.95
45 1 0 21 27 6 5 0.95
46 1 0 21 33 7 6 1.04
47 1 0 21 69 14 16 0.95
48 1 0 21 73 15 14 1.04
49 1 0 21 81 16 11 1.04
50 1 0 21 6 1 0 0.95
51 1 0 21 13 3 2 1.04
52 1 0 21 107 21 18 0.95
53 1 0 21 51 10 5 0.95
54 1 0 21 94 19 20 1.04
55 1 0 21 28 6 7 1.04
56 102 0 1 37 8 5 1.04
57 102 0 1 36 7 3 0.95
58 102 0 1 25 5 11 1.04
59 102 0 1 101 20 16 0.95
60 102 0 1 21 4 0 1.04
61 102 0 1 73 15 14 1.04
62 102 0 1 81 16 11 1.04
63 102 0 1 39 8 7 0.95
64 102 0 1 11 2 0 0.95
65 102 0 1 26 5 4 1.04
66 102 0 1 104 0 3 0.95
67 102 0 1 52 11 9 1.04
68 102 0 1 22 5 6 0.95
69 102 0 1 31 6 2 1.04
70 102 0 1 79 16 15 1.04
71 102 0 1 63 13 15 0.95
72 102 0 1 95 19 21 1.04
73 102 0 1 42 9 10 0.95
74 102 0 1 92 19 17 1.04
75 102 0 1 54 11 12 1.04
76 102 0 1 13 3 2 0.95
77 102 0 1 90 18 21 1.04
78 102 0 1 89 18 20 0.95
79 102 0 1 75 15 19 1.04
80 102 0 1 40 8 12 0.95
81 102 0 1 38 8 6 0.95
82 102 0 1 47 10 9 1.04
83 102 0 1 80 16 20 0.95
84 102 0 1 100 20 21 1.04
85 102 0 1 3 1 3 0.95
86 102 0 1 5 1 7 1.04
87 102 0 1 9 2 4 1.04
88 102 0 1 29 6 8 0.95
89 102 0 1 27 6 5 0.95
90 102 0 1 59 12 11 0.95
91 102 0 1 23 5 7 0.95
92 102 0 1 108 21 19 1.04
93 102 0 1 91 18 14 0.95
94 102 0 1 44 9 12 0.95
95 102 0 1 96 19 13 0.95
96 102 0 1 77 16 13 1.04
97 102 0 1 41 8 4 1.04
98 102 0 1 94 19 20 1.04
99 102 0 1 1 0 21 0.95
100 102 0 1 72 15 13 0.95
101 102 0 1 8 2 3 0.95
102 102 0 1 68 14 15 0.95
103 102 0 1 67 14 13 1.04
104 102 0 1 85 17 21 1.04
105 102 0 1 14 3 4 0.95
106 102 0 1 46 9 5 0.95
107 102 0 1 61 12 6 0.95
108 102 0 1 58 12 10 0.95
109 102 0 1 70 14 17 0.95
110 102 0 1 18 4 2 0.95
111 102 0 1 57 12 9 0.95
112 103 0 2 107 21 18 1.04
113 103 0 2 65 13 17 0.95
114 103 0 2 57 12 9 0.95
115 103 0 2 84 17 20 1.04
116 103 0 2 92 19 17 1.04
117 103 0 2 23 5 7 0.95
118 103 0 2 83 17 19 1.04
119 103 0 2 74 15 16 0.95
120 103 0 2 44 9 12 0.95
121 103 0 2 52 11 9 1.04
122 103 0 2 19 4 3 1.04
123 103 0 2 27 6 5 1.04
124 103 0 2 39 8 7 1.04
125 103 0 2 78 16 14 0.95
126 103 0 2 91 18 14 0.95
127 103 0 2 46 9 5 1.04
128 103 0 2 37 8 5 1.04
129 103 0 2 85 17 21 0.95
130 103 0 2 10 2 5 0.95
131 103 0 2 61 12 6 0.95
132 103 0 2 11 2 0 0.95
133 103 0 2 28 6 7 0.95
134 103 0 2 8 2 3 1.04
135 103 0 2 99 20 19 0.95
136 103 0 2 12 3 1 1.04
137 103 0 2 32 7 5 0.95
138 103 0 2 20 4 7 0.95
139 103 0 2 98 20 18 1.04
140 103 0 2 93 19 18 0.95
141 103 0 2 106 21 17 1.04
142 103 0 2 86 17 14 0.95
143 103 0 2 31 6 2 1.04
144 103 0 2 21 4 0 0.95
145 103 0 2 47 10 9 0.95
146 103 0 2 15 3 7 1.04
147 103 0 2 94 19 20 1.04
148 103 0 2 35 7 10 0.95
149 103 0 2 71 14 9 0.95
150 103 0 2 29 6 8 1.04
151 103 0 2 89 18 20 0.95
152 103 0 2 101 20 16 1.04
153 103 0 2 48 10 11 1.04
154 103 0 2 2 1 2 1.04
155 103 0 2 72 15 13 1.04
156 103 0 2 82 17 18 0.95
157 103 0 2 36 7 3 0.95
158 103 0 2 54 11 12 1.04
159 103 0 2 40 8 12 1.04
160 103 0 2 100 20 21 0.95
161 103 0 2 66 13 11 0.95
162 103 0 2 109 21 20 1.04
163 103 0 2 88 18 19 1.04
164 103 0 2 81 16 11 1.04
165 103 0 2 17 4 1 1.04
166 103 0 2 25 5 11 1.04
167 103 0 2 41 8 4 1.04
168 104 0 3 69 14 16 1.04
169 104 0 3 5 1 7 0.95
170 104 0 3 0 21 0 0.95
171 104 0 3 75 15 19 1.04
172 104 0 3 77 16 13 1.04
173 104 0 3 26 5 4 0.95
174 104 0 3 33 7 6 1.04
175 104 0 3 6 1 0 0.95
176 104 0 3 65 13 17 1.04
177 104 0 3 71 14 9 0.95
178 104 0 3 46 9 5 1.04
179 104 0 3 55 11 14 1.04
180 104 0 3 12 3 1 0.95
181 104 0 3 22 5 6 0.95
182 104 0 3 67 14 13 0.95
183 104 0 3 44 9 12 0.95
184 104 0 3 98 20 18 0.95
185 104 0 3 106 21 17 0.95
186 104 0 3 78 16 14 0.95
187 104 0 3 14 3 4 1.04
188 104 0 3 80 16 20 1.04
189 104 0 3 54 11 12 0.95
190 104 0 3 63 13 15 0.95
191 104 0 3 74 15 16 1.04
192 104 0 3 50 10 16 1.04
193 104 0 3 17 4 1 1.04
194 104 0 3 68 14 15 0.95
195 104 0 3 99 20 19 1.04
196 104 0 3 10 2 5 1.04
197 104 0 3 91 18 14 0.95
198 104 0 3 82 17 18 1.04
199 104 0 3 73 15 14 0.95
200 104 0 3 45 9 16 0.95
201 104 0 3 60 12 13 0.95
202 104 0 3 84 17 20 0.95
203 104 0 3 87 18 17 1.04
204 104 0 3 15 3 7 1.04
205 104 0 3 53 11 10 0.95
206 104 0 3 83 17 19 1.04
207 104 0 3 27 6 5 0.95
208 104 0 3 23 5 7 0.95
209 104 0 3 58 12 10 0.95
210 104 0 3 4 1 4 0.95
211 104 0 3 102 0 1 1.04
212 104 0 3 88 18 19 1.04
213 104 0 3 93 19 18 1.04
214 104 0 3 85 17 21 0.95
215 104 0 3 30 6 10 1.04
216 104 0 3 101 20 16 0.95
217 104 0 3 2 1 2 0.95
218 104 0 3 52 11 9 0.95
219 104 0 3 34 7 8 0.95
220 104 0 3 1 0 21 1.04
221 104 0 3 70 14 17 1.04
222 104 0 3 61 12 6 1.04
223 104 0 3 39 8 7 0.95
224 2 1 2 24 5 8 1.16
225 2 1 2 31 6 2 1.13
226 2 1 2 32 7 5 0.92
227 2 1 2 38 8 6 1.15
228 2 1 2 46 9 5 1.18
229 2 1 2 50 10 16 0.92
230 2 1 2 56 11 6 0.93
231 2 1 2 61 12 6 1.19
232 2 1 2 62 13 14 1.1
233 2 1 2 70 14 17 0.9
234 2 1 2 73 15 14 1.15
235 2 1 2 81 16 11 1.11
236 2 1 2 86 17 14 1.12
237 2 1 2 88 18 19 1.13
238 2 1 2 95 19 21 1.12
239 2 1 2 97 20 17 1.16
240 3 1 3 22 5 6 0.9
241 3 1 3 31 6 2 0.9
242 3 1 3 34 7 8 0.93
243 3 1 3 38 8 6 0.93
244 3 1 3 42 9 10 1.17
245 3 1 3 50 10 16 1.19
246 3 1 3 55 11 14 0.93
247 3 1 3 59 12 11 0.92
248 3 1 3 65 13 17 1.14
249 3 1 3 71 14 9 0.9
250 3 1 3 73 15 14 1.1
251 3 1 3 78 16 14 0.93
252 3 1 3 83 17 19 1.14
253 3 1 3 88 18 19 1.11
254 3 1 3 94 19 20 0.94
255 3 1 3 99 20 19 1.18
256 4 1 4 24 5 8 0.91
257 4 1 4 31 6 2 0.94
258 4 1 4 33 7 6 1.14
259 4 1 4 38 8 6 0.93
260 4 1 4 42 9 10 1.17
261 4 1 4 50 10 16 0.93
262 4 1 4 55 11 14 0.93
263 4 1 4 61 12 6 1.18
264 4 1 4 66 13 11 1.13
265 4 1 4 71 14 9 0.91
266 4 1 4 76 15 9 1.16
267 4 1 4 80 16 20 1.1
268 4 1 4 82 17 18 1.18
269 4 1 4 88 18 19 1.12
270 4 1 4 94 19 20 1.13
271 4 1 4 97 20 17 1.19
272 7 2 1 26 5 4 0.91
273 7 2 1 27 6 5 0.91
274 7 2 1 34 7 8 0.91
275 7 2 1 40 8 12 1.16
276 7 2 1 46 9 5 0.91
277 7 2 1 50 10 16 0.9
278 7 2 1 54 11 12 1.15
279 7 2 1 58 12 10 0.91
280 7 2 1 64 13 16 1.14
281 7 2 1 68 14 15 0.9
282 7 2 1 72 15 13 1.16
283 7 2 1 81 16 11 0.92
284 7 2 1 84 17 20 1.19
285 7 2 1 90 18 21 1.18
286 7 2 1 96 19 13 1.13
287 7 2 1 98 20 18 1.1
288 8 2 3 24 5 8 0.91
289 8 2 3 30 6 10 0.94
290 8 2 3 33 7 6 0.92
291 8 2 3 39 8 7 0.9
292 8 2 3 45 9 16 0.92
293 8 2 3 50 10 16 0.91
294 8 2 3 55 11 14 0.94
295 8 2 3 57 12 9 1.19
296 8 2 3 66 13 11 1.15
297 8 2 3 67 14 13 1.15
298 8 2 3 72 15 13 1.17
299 8 2 3 77 16 13 1.14
300 8 2 3 82 17 18 1.14
301 8 2 3 87 18 17 1.11
302 8 2 3 94 19 20 1.19
303 8 2 3 98 20 18 1.1
304 9 2 4 23 5 7 0.93
305 9 2 4 31 6 2 1.14
306 9 2 4 36 7 3 0.91
307 9 2 4 39 8 7 0.92
308 9 2 4 43 9 11 0.9
309 9 2 4 49 10 12 0.92
310 9 2 4 56 11 6 0.93
311 9 2 4 61 12 6 0.94
312 9 2 4 65 13 17 0.9
313 9 2 4 68 14 15 1.11
314 9 2 4 72 15 13 1.11
315 9 2 4 77 16 13 1.14
316 9 2 4 86 17 14 1.1
317 9 2 4 91 18 14 1.17
318 9 2 4 96 19 13 1.17
319 9 2 4 97 20 17 1.1
320 12 3 1 24 5 8 0.93
321 12 3 1 31 6 2 1.18
322 12 3 1 36 7 3 0.91
323 12 3 1 39 8 7 0.93
324 12 3 1 43 9 11 0.9
325 12 3 1 48 10 11 0.92
326 12 3 1 53 11 10 1.18
327 12 3 1 57 12 9 0.94
328 12 3 1 64 13 16 1.14
329 12 3 1 71 14 9 1.14
330 12 3 1 73 15 14 1.19
331 12 3 1 79 16 15 0.91
332 12 3 1 82 17 18 1.14
333 12 3 1 89 18 20 1.11
334 12 3 1 92 19 17 1.11
335 12 3 1 97 20 17 1.15
336 13 3 2 26 5 4 0.91
337 13 3 2 28 6 7 0.9
338 13 3 2 33 7 6 0.92
339 13 3 2 41 8 4 0.92
340 13 3 2 43 9 11 0.9
341 13 3 2 49 10 12 1.11
342 13 3 2 55 11 14 0.93
343 13 3 2 60 12 13 1.14
344 13 3 2 63 13 15 1.15
345 13 3 2 68 14 15 1.14
346 13 3 2 73 15 14 1.13
347 13 3 2 80 16 20 0.92
348 13 3 2 85 17 21 1.18
349 13 3 2 89 18 20 1.17
350 13 3 2 96 19 13 1.18
351 13 3 2 101 20 16 1.15
352 14 3 4 25 5 11 0.94
353 14 3 4 28 6 7 0.9
354 14 3 4 32 7 5 0.9
355 14 3 4 37 8 5 0.92
356 14 3 4 43 9 11 0.9
357 14 3 4 48 10 11 0.9
358 14 3 4 54 11 12 0.94
359 14 3 4 58 12 10 1.16
360 14 3 4 63 13 15 1.13
361 14 3 4 68 14 15 1.1
362 14 3 4 72 15 13 1.18
363 14 3 4 79 16 15 1.11
364 14 3 4 85 17 21 0.9
365 14 3 4 88 18 19 0.91
366 14 3 4 95 19 21 1.14
367 14 3 4 97 20 17 0.94
368 17 4 1 23 5 7 0.93
369 17 4 1 27 6 5 0.91
370 17 4 1 32 7 5 0.91
371 17 4 1 40 8 12 0.9
372 17 4 1 45 9 16 0.9
373 17 4 1 49 10 12 0.93
374 17 4 1 56 11 6 0.9
375 17 4 1 61 12 6 0.92
376 17 4 1 65 13 17 0.91
377 17 4 1 67 14 13 0.91
378 17 4 1 75 15 19 1.13
379 17 4 1 80 16 20 1.12
380 17 4 1 86 17 14 1.13
381 17 4 1 88 18 19 1.14
382 17 4 1 96 19 13 1.17
383 17 4 1 98 20 18 1.11
384 18 4 2 25 5 11 0.94
385 18 4 2 28 6 7 0.91
386 18 4 2 35 7 10 1.14
387 18 4 2 38 8 6 0.93
388 18 4 2 44 9 12 0.9
389 18 4 2 51 10 5 0.92
390 18 4 2 54 11 12 1.17
391 18 4 2 61 12 6 1.17
392 18 4 2 65 13 17 1.14
393 18 4 2 69 14 16 0.92
394 18 4 2 72 15 13 1.16
395 18 4 2 81 16 11 0.93
396 18 4 2 83 17 19 0.93
397 18 4 2 88 18 19 0.91
398 18 4 2 92 19 17 1.19
399 18 4 2 98 20 18 1.11
400 19 4 3 23 5 7 1.13
401 19 4 3 31 6 2 0.91
402 19 4 3 35 7 10 0.93
403 19 4 3 39 8 7 0.93
404 19 4 3 45 9 16 0.94
405 19 4 3 51 10 5 1.1
406 19 4 3 55 11 14 0.91
407 19 4 3 57 12 9 0.92
408 19 4 3 65 13 17 1.11
409 19 4 3 67 14 13 0.9
410 19 4 3 72 15 13 1.11
411 19 4 3 79 16 15 1.13
412 19 4 3 83 17 19 1.18
413 19 4 3 91 18 14 1.12
414 19 4 3 93 19 18 1.18
415 19 4 3 98 20 18 1.15
416 22 5 6 46 9 5 0.93
417 22 5 6 51 10 5 0.9
418 22 5 6 55 11 14 0.91
419 22 5 6 59 12 11 1.12
420 22 5 6 66 13 11 0.93
421 22 5 6 70 14 17 1.1
422 22 5 6 74 15 16 1.16
423 22 5 6 81 16 11 1.15
424 22 5 6 85 17 21 1.13
425 22 5 6 88 18 19 1.19
426 22 5 6 93 19 18 0.94
427 22 5 6 97 20 17 1.19
428 22 5 6 4 1 4 1.11
429 22 5 6 11 2 0 0.91
430 22 5 6 13 3 2 1.15
431 22 5 6 19 4 3 0.9
432 23 5 7 43 9 11 0.91
433 23 5 7 47 10 9 0.92
434 23 5 7 53 11 10 0.9
435 23 5 7 57 12 9 0.93
436 23 5 7 64 13 16 0.93
437 23 5 7 70 14 17 0.93
438 23 5 7 73 15 14 0.91
439 23 5 7 80 16 20 1.17
440 23 5 7 83 17 19 0.9
441 23 5 7 90 18 21 1.15
442 23 5 7 95 19 21 0.92
443 23 5 7 97 20 17 0.94
444 23 5 7 3 1 3 1.15
445 23 5 7 7 2 1 1.16
446 23 5 7 15 3 7 1.14
447 23 5 7 18 4 2 1.1
448 24 5 8 44 9 12 1.19
449 24 5 8 49 10 12 0.94
450 24 5 8 54 11 12 0.92
451 24 5 8 58 12 10 1.18
452 24 5 8 63 13 15 0.9
453 24 5 8 69 14 16 0.92
454 24 5 8 75 15 19 1.19
455 24 5 8 78 16 14 1.13
456 24 5 8 83 17 19 1.17
457 24 5 8 90 18 21 1.11
458 24 5 8 92 19 17 1.18
459 24 5 8 101 20 16 1.1
460 24 5 8 6 1 0 0.93
461 24 5 8 8 2 3 1.14
462 24 5 8 16 3 0 1.12
463 24 5 8 19 4 3 1.13
464 27 6 5 43 9 11 0.92
465 27 6 5 48 10 11 0.91
466 27 6 5 54 11 12 0.91
467 27 6 5 57 12 9 0.92
468 27 6 5 63 13 15 1.19
469 27 6 5 67 14 13 0.91
470 27 6 5 72 15 13 1.18
471 27 6 5 80 16 20 0.93
472 27 6 5 82 17 18 1.12
473 27 6 5 87 18 17 0.9
474 27 6 5 93 19 18 1.12
475 27 6 5 99 20 19 1.1
476 27 6 5 6 1 0 1.18
477 27 6 5 8 2 3 1.16
478 27 6 5 14 3 4 1.13
479 27 6 5 19 4 3 1.12
480 28 6 7 43 9 11 0.9
481 28 6 7 49 10 12 0.92
482 28 6 7 55 11 14 0.93
483 28 6 7 61 12 6 0.94
484 28 6 7 63 13 15 0.9
485 28 6 7 68 14 15 0.94
486 28 6 7 74 15 16 0.93
487 28 6 7 81 16 11 0.92
488 28 6 7 85 17 21 1.17
489 28 6 7 87 18 17 1.17
490 28 6 7 93 19 18 1.15
491 28 6 7 101 20 16 0.9
492 28 6 7 2 1 2 1.11
493 28 6 7 8 2 3 0.9
494 28 6 7 16 3 0 1.16
495 28 6 7 17 4 1 1.13
496 29 6 8 43 9 11 0.9
497 29 6 8 48 10 11 0.93
498 29 6 8 55 11 14 0.91
499 29 6 8 57 12 9 0.9
500 29 6 8 63 13 15 0.91
501 29 6 8 71 14 9 0.91
502 29 6 8 72 15 13 0.94
503 29 6 8 77 16 13 1.1
504 29 6 8 82 17 18 1.13
505 29 6 8 90 18 21 1.13
506 29 6 8 95 19 21 1.18
507 29 6 8 100 20 21 1.18
508 29 6 8 4 1 4 1.17
509 29 6 8 9 2 4 0.9
510 29 6 8 13 3 2 1.16
511 29 6 8 19 4 3 0.91
512 32 7 5 42 9 10 0.94
513 32 7 5 49 10 12 0.92
514 32 7 5 53 11 10 0.94
515 32 7 5 60 12 13 1.12
516 32 7 5 65 13 17 1.17
517 32 7 5 70 14 17 1.18
518 32 7 5 73 15 14 0.91
519 32 7 5 81 16 11 0.9
520 32 7 5 84 17 20 0.9
521 32 7 5 90 18 21 1.1
522 32 7 5 96 19 13 1.14
523 32 7 5 100 20 21 1.13
524 32 7 5 5 1 7 1.15
525 32 7 5 9 2 4 0.92
526 32 7 5 16 3 0 1.1
527 32 7 5 21 4 0 1.17
528 33 7 6 45 9 16 1.13
529 33 7 6 48 10 11 1.16
530 33 7 6 54 11 12 0.91
531 33 7 6 59 12 11 0.94
532 33 7 6 63 13 15 0.91
533 33 7 6 71 14 9 0.9
534 33 7 6 72 15 13 0.9
535 33 7 6 81 16 11 1.18
536 33 7 6 82 17 18 1.13
537 33 7 6 91 18 14 0.9
538 33 7 6 92 19 17 1.18
539 33 7 6 97 20 17 0.93
540 33 7 6 3 1 3 1.14
541 33 7 6 10 2 5 1.14
542 33 7 6 15 3 7 1.18
543 33 7 6 17 4 1 1.12
544 34 7 8 43 9 11 1.19
545 34 7 8 47 10 9 0.9
546 34 7 8 53 11 10 0.92
547 34 7 8 58 12 10 0.91
548 34 7 8 66 13 11 0.93
549 34 7 8 69 14 16 0.92
550 34 7 8 74 15 16 1.14
551 34 7 8 78 16 14 0.94
552 34 7 8 86 17 14 1.11
553 34 7 8 88 18 19 1.14
554 34 7 8 92 19 17 1.13
555 34 7 8 99 20 19 0.91
556 34 7 8 6 1 0 1.17
557 34 7 8 11 2 0 1.18
558 34 7 8 15 3 7 1.13
559 34 7 8 18 4 2 1.16
560 37 8 5 44 9 12 1.13
561 37 8 5 47 10 9 0.91
562 37 8 5 55 11 14 0.9
563 37 8 5 59 12 11 0.94
564 37 8 5 66 13 11 0.94
565 37 8 5 68 14 15 0.94
566 37 8 5 75 15 19 0.94
567 37 8 5 79 16 15 0.93
568 37 8 5 82 17 18 0.92
569 37 8 5 90 18 21 1.1
570 37 8 5 94 19 20 1.12
571 37 8 5 98 20 18 0.9
572 37 8 5 5 1 7 0.93
573 37 8 5 7 2 1 1.16
574 37 8 5 14 3 4 1.16
575 37 8 5 17 4 1 0.9
576 38 8 6 42 9 10 0.91
577 38 8 6 51 10 5 0.9
578 38 8 6 56 11 6 0.93
579 38 8 6 58 12 10 0.94
580 38 8 6 62 13 14 0.93
581 38 8 6 71 14 9 1.1
582 38 8 6 74 15 16 0.93
583 38 8 6 77 16 13 0.94
584 38 8 6 85 17 21 1.18
585 38 8 6 89 18 20 1.13
586 38 8 6 92 19 17 1.11
587 38 8 6 97 20 17 0.94
588 38 8 6 5 1 7 0.92
589 38 8 6 11 2 0 1.18
590 38 8 6 16 3 0 1.12
591 38 8 6 20 4 7 1.16
592 39 8 7 44 9 12 0.93
593 39 8 7 48 10 11 0.94
594 39 8 7 56 11 6 0.94
595 39 8 7 60 12 13 0.94
596 39 8 7 64 13 16 0.92
597 39 8 7 67 14 13 0.93
598 39 8 7 76 15 9 1.12
599 39 8 7 81 16 11 0.93
600 39 8 7 83 17 19 1.1
601 39 8 7 91 18 14 0.91
602 39 8 7 92 19 17 0.9
603 39 8 7 97 20 17 1.13
604 39 8 7 4 1 4 0.9
605 39 8 7 8 2 3 0.94
606 39 8 7 13 3 2 1.16
607 39 8 7 20 4 7 1.18
608 42 9 10 62 13 14 0.93
609 42 9 10 69 14 16 1.17
610 42 9 10 76 15 9 0.93
611 42 9 10 79 16 15 0.93
612 42 9 10 83 17 19 0.91
613 42 9 10 89 18 20 1.14
614 42 9 10 92 19 17 1.18
615 42 9 10 99 20 19 0.94
616 42 9 10 3 1 3 1.19
617 42 9 10 10 2 5 1.12
618 42 9 10 16 3 0 0.92
619 42 9 10 17 4 1 1.19
620 42 9 10 23 5 7 0.91
621 42 9 10 27 6 5 1.17
622 42 9 10 36 7 3 1.12
623 42 9 10 37 8 5 1.16
624 43 9 11 66 13 11 0.94
625 43 9 11 68 14 15 0.9
626 43 9 11 75 15 19 0.9
627 43 9 11 78 16 14 0.93
628 43 9 11 85 17 21 1.14
629 43 9 11 89 18 20 1.17
630 43 9 11 95 19 21 1.14
631 43 9 11 99 20 19 1.1
632 43 9 11 3 1 3 1.11
633 43 9 11 9 2 4 1.14
634 43 9 11 13 3 2 1.14
635 43 9 11 21 4 0 1.17
636 43 9 11 23 5 7 1.13
637 43 9 11 30 6 10 0.9
638 43 9 11 34 7 8 1.12
639 43 9 11 41 8 4 1.1
640 44 9 12 63 13 15 0.92
641 44 9 12 71 14 9 0.91
642 44 9 12 73 15 14 0.93
643 44 9 12 80 16 20 0.92
644 44 9 12 82 17 18 1.12
645 44 9 12 90 18 21 1.12
646 44 9 12 93 19 18 0.94
647 44 9 12 99 20 19 0.94
648 44 9 12 3 1 3 0.91
649 44 9 12 11 2 0 1.17
650 44 9 12 12 3 1 1.13
651 44 9 12 18 4 2 0.9
652 44 9 12 24 5 8 1.17
653 44 9 12 31 6 2 1.15
654 44 9 12 35 7 10 1.17
655 44 9 12 39 8 7 1.15
656 47 10 9 66 13 11 0.93
657 47 10 9 71 14 9 1.12
658 47 10 9 73 15 14 0.9
659 47 10 9 81 16 11 0.92
660 47 10 9 86 17 14 1.13
661 47 10 9 90 18 21 0.93
662 47 10 9 92 19 17 1.11
663 47 10 9 100 20 21 1.12
664 47 10 9 5 1 7 0.92
665 47 10 9 10 2 5 0.92
666 47 10 9 14 3 4 1.16
667 47 10 9 18 4 2 1.11
668 47 10 9 23 5 7 1.18
669 47 10 9 27 6 5 0.9
670 47 10 9 32 7 5 1.12
671 47 10 9 40 8 12 0.94
672 48 10 11 65 13 17 0.91
673 48 10 11 69 14 16 0.92
674 48 10 11 73 15 14 0.9
675 48 10 11 77 16 13 0.9
676 48 10 11 82 17 18 0.92
677 48 10 11 89 18 20 0.94
678 48 10 11 94 19 20 1.18
679 48 10 11 101 20 16 0.92
680 48 10 11 3 1 3 1.16
681 48 10 11 9 2 4 1.1
682 48 10 11 15 3 7 1.17
683 48 10 11 18 4 2 1.19
684 48 10 11 25 5 11 1.18
685 48 10 11 29 6 8 1.13
686 48 10 11 32 7 5 1.15
687 48 10 11 39 8 7 0.92
688 49 10 12 66 13 11 0.93
689 49 10 12 71 14 9 1.17
690 49 10 12 72 15 13 0.93
691 49 10 12 78 16 14 0.93
692 49 10 12 83 17 19 0.91
693 49 10 12 87 18 17 0.94
694 49 10 12 96 19 13 1.19
695 49 10 12 98 20 18 1.1
696 49 10 12 2 1 2 1.1
697 49 10 12 10 2 5 1.1
698 49 10 12 14 3 4 1.16
699 49 10 12 21 4 0 0.93
700 49 10 12 23 5 7 1.15
701 49 10 12 31 6 2 1.14
702 49 10 12 32 7 5 1.17
703 49 10 12 37 8 5 1.17
704 52 11 9 62 13 14 0.94
705 52 11 9 70 14 17 0.94
706 52 11 9 74 15 16 1.17
707 52 11 9 78 16 14 0.91
708 52 11 9 82 17 18 1.16
709 52 11 9 89 18 20 1.1
710 52 11 9 92 19 17 1.17
711 52 11 9 101 20 16 0.94
712 52 11 9 6 1 0 1.14
713 52 11 9 10 2 5 0.92
714 52 11 9 13 3 2 0.91
715 52 11 9 17 4 1 1.18
716 52 11 9 23 5 7 0.9
717 52 11 9 30 6 10 1.1
718 52 11 9 32 7 5 1.18
719 52 11 9 40 8 12 1.18
720 53 11 10 62 13 14 0.94
721 53 11 10 68 14 15 1.17
722 53 11 10 74 15 16 0.93
723 53 11 10 77 16 13 0.92
724 53 11 10 85 17 21 0.92
725 53 11 10 91 18 14 0.91
726 53 11 10 92 19 17 0.91
727 53 11 10 99 20 19 0.92
728 53 11 10 5 1 7 1.13
729 53 11 10 11 2 0 1.1
730 53 11 10 16 3 0 0.92
731 53 11 10 17 4 1 0.91
732 53 11 10 25 5 11 0.92
733 53 11 10 31 6 2 1.14
734 53 11 10 35 7 10 1.18
735 53 11 10 37 8 5 1.16
736 54 11 12 62 13 14 0.93
737 54 11 12 67 14 13 0.91
738 54 11 12 75 15 19 0.93
739 54 11 12 81 16 11 0.93
740 54 11 12 86 17 14 1.19
741 54 11 12 89 18 20 1.13
742 54 11 12 96 19 13 0.94
743 54 11 12 99 20 19 0.93
744 54 11 12 2 1 2 1.13
745 54 11 12 11 2 0 1.13
746 54 11 12 12 3 1 1.17
747 54 11 12 17 4 1 0.92
748 54 11 12 23 5 7 1.18
749 54 11 12 27 6 5 1.1
750 54 11 12 36 7 3 1.13
751 54 11 12 37 8 5 0.94
752 57 12 9 66 13 11 0.91
753 57 12 9 70 14 17 0.93
754 57 12 9 72 15 13 0.93
755 57 12 9 80 16 20 0.92
756 57 12 9 85 17 21 0.94
757 57 12 9 89 18 20 0.92
758 57 12 9 92 19 17 1.11
759 57 12 9 98 20 18 1.17
760 57 12 9 3 1 3 1.13
761 57 12 9 8 2 3 1.1
762 57 12 9 14 3 4 0.9
763 57 12 9 18 4 2 1.11
764 57 12 9 23 5 7 1.19
765 57 12 9 28 6 7 1.11
766 57 12 9 34 7 8 1.14
767 57 12 9 38 8 6 1.19
768 58 12 10 66 13 11 0.91
769 58 12 10 71 14 9 1.1
770 58 12 10 74 15 16 0.94
771 58 12 10 80 16 20 0.92
772 58 12 10 82 17 18 0.91
773 58 12 10 88 18 19 0.94
774 58 12 10 94 19 20 0.93
775 58 12 10 101 20 16 1.17
776 58 12 10 3 1 3 0.93
777 58 12 10 11 2 0 0.94
778 58 12 10 15 3 7 1.17
779 58 12 10 21 4 0 1.1
780 58 12 10 25 5 11 1.12
781 58 12 10 28 6 7 1.18
782 58 12 10 35 7 10 1.15
783 58 12 10 37 8 5 1.18
784 59 12 11 66 13 11 0.93
785 59 12 11 67 14 13 0.92
786 59 12 11 74 15 16 0.94
787 59 12 11 78 16 14 1.14
788 59 12 11 84 17 20 0.91
789 59 12 11 88 18 19 0.9
790 59 12 11 96 19 13 1.11
791 59 12 11 99 20 19 1.14
792 59 12 11 4 1 4 1.17
793 59 12 11 11 2 0 0.94
794 59 12 11 13 3 2 0.93
795 59 12 11 19 4 3 0.94
796 59 12 11 26 5 4 1.15
797 59 12 11 29 6 8 0.9
798 59 12 11 35 7 10 1.11
799 59 12 11 40 8 12 1.1
800 62 13 14 86 17 14 0.9
801 62 13 14 90 18 21 0.9
802 62 13 14 96 19 13 0.92
803 62 13 14 100 20 21 1.11
804 62 13 14 6 1 0 0.91
805 62 13 14 8 2 3 0.92
806 62 13 14 15 3 7 1.16
807 62 13 14 21 4 0 0.92
808 62 13 14 23 5 7 0.94
809 62 13 14 31 6 2 1.14
810 62 13 14 35 7 10 1.1
811 62 13 14 40 8 12 1.11
812 62 13 14 44 9 12 1.11
813 62 13 14 51 10 5 1.11
814 62 13 14 52 11 9 1.12
815 62 13 14 60 12 13 0.9
816 63 13 15 83 17 19 0.93
817 63 13 15 88 18 19 0.9
818 63 13 15 96 19 13 0.91
819 63 13 15 97 20 17 0.94
820 63 13 15 2 1 2 0.94
821 63 13 15 9 2 4 1.12
822 63 13 15 14 3 4 1.1
823 63 13 15 18 4 2 0.92
824 63 13 15 26 5 4 0.92
825 63 13 15 29 6 8 1.17
826 63 13 15 36 7 3 0.91
827 63 13 15 40 8 12 1.1
828 63 13 15 44 9 12 1.19
829 63 13 15 50 10 16 1.13
830 63 13 15 52 11 9 0.94
831 63 13 15 59 12 11 1.13
832 64 13 16 85 17 21 0.9
833 64 13 16 89 18 20 0.92
834 64 13 16 93 19 18 0.94
835 64 13 16 98 20 18 0.92
836 64 13 16 5 1 7 1.15
837 64 13 16 8 2 3 0.92
838 64 13 16 15 3 7 0.93
839 64 13 16 18 4 2 1.17
840 64 13 16 25 5 11 1.13
841 64 13 16 28 6 7 1.18
842 64 13 16 33 7 6 1.1
843 64 13 16 41 8 4 1.11
844 64 13 16 46 9 5 1.11
845 64 13 16 49 10 12 0.9
846 64 13 16 55 11 14 1.14
847 64 13 16 59 12 11 1.12
848 67 14 13 83 17 19 0.9
849 67 14 13 90 18 21 0.93
850 67 14 13 94 19 20 0.92
851 67 14 13 100 20 21 0.94
852 67 14 13 5 1 7 1.19
853 67 14 13 11 2 0 0.91
854 67 14 13 16 3 0 0.91
855 67 14 13 17 4 1 0.91
856 67 14 13 22 5 6 0.91
857 67 14 13 28 6 7 0.91
858 67 14 13 32 7 5 0.91
859 67 14 13 41 8 4 1.1
860 67 14 13 44 9 12 1.17
861 67 14 13 50 10 16 1.15
862 67 14 13 54 11 12 1.17
863 67 14 13 57 12 9 1.12
864 68 14 15 85 17 21 0.92
865 68 14 15 90 18 21 1.11
866 68 14 15 94 19 20 1.17
867 68 14 15 100 20 21 1.12
868 68 14 15 3 1 3 1.18
869 68 14 15 11 2 0 1.19
870 68 14 15 15 3 7 1.1
871 68 14 15 18 4 2 0.93
872 68 14 15 25 5 11 1.12
873 68 14 15 30 6 10 1.11
874 68 14 15 34 7 8 0.93
875 68 14 15 39 8 7 1.11
876 68 14 15 43 9 11 0.9
877 68 14 15 51 10 5 1.12
878 68 14 15 52 11 9 1.18
879 68 14 15 57 12 9 1.15
880 69 14 16 82 17 18 1.12
881 69 14 16 91 18 14 1.19
882 69 14 16 96 19 13 0.93
883 69 14 16 99 20 19 0.9
884 69 14 16 2 1 2 1.19
885 69 14 16 9 2 4 0.94
886 69 14 16 15 3 7 0.91
887 69 14 16 20 4 7 1.13
888 69 14 16 24 5 8 1.14
889 69 14 16 28 6 7 1.18
890 69 14 16 33 7 6 0.91
891 69 14 16 38 8 6 1.15
892 69 14 16 46 9 5 1.16
893 69 14 16 50 10 16 1.16
894 69 14 16 53 11 10 1.12
895 69 14 16 58 12 10 0.9
896 72 15 13 83 17 19 1.12
897 72 15 13 89 18 20 0.9
898 72 15 13 92 19 17 0.93
899 72 15 13 99 20 19 0.91
900 72 15 13 4 1 4 1.12
901 72 15 13 11 2 0 1.15
902 72 15 13 12 3 1 0.9
903 72 15 13 18 4 2 1.17
904 72 15 13 25 5 11 1.19
905 72 15 13 30 6 10 1.12
906 72 15 13 32 7 5 1.16
907 72 15 13 39 8 7 1.1
908 72 15 13 42 9 10 0.93
909 72 15 13 49 10 12 1.11
910 72 15 13 55 11 14 1.19
911 72 15 13 59 12 11 1.11
912 73 15 14 84 17 20 0.91
913 73 15 14 91 18 14 1.11
914 73 15 14 92 19 17 1.13
915 73 15 14 101 20 16 0.93
916 73 15 14 3 1 3 0.9
917 73 15 14 11 2 0 0.94
918 73 15 14 16 3 0 0.94
919 73 15 14 18 4 2 0.9
920 73 15 14 26 5 4 1.15
921 73 15 14 28 6 7 0.9
922 73 15 14 33 7 6 0.93
923 73 15 14 41 8 4 1.1
924 73 15 14 44 9 12 1.12
925 73 15 14 49 10 12 1.14
926 73 15 14 52 11 9 1.14
927 73 15 14 59 12 11 0.92
928 74 15 16 85 17 21 0.92
929 74 15 16 91 18 14 0.9
930 74 15 16 95 19 21 0.9
931 74 15 16 97 20 17 0.91
932 74 15 16 4 1 4 1.11
933 74 15 16 8 2 3 1.19
934 74 15 16 12 3 1 0.94
935 74 15 16 20 4 7 0.9
936 74 15 16 22 5 6 0.91
937 74 15 16 29 6 8 1.13
938 74 15 16 32 7 5 0.93
939 74 15 16 41 8 4 1.17
940 74 15 16 46 9 5 1.16
941 74 15 16 50 10 16 1.17
942 74 15 16 53 11 10 0.91
943 74 15 16 61 12 6 1.19
944 77 16 13 82 17 18 0.91
945 77 16 13 89 18 20 0.92
946 77 16 13 96 19 13 0.92
947 77 16 13 97 20 17 1.14
948 77 16 13 3 1 3 1.1
949 77 16 13 10 2 5 0.92
950 77 16 13 14 3 4 0.9
951 77 16 13 17 4 1 0.92
952 77 16 13 23 5 7 1.13
953 77 16 13 30 6 10 0.91
954 77 16 13 34 7 8 1.19
955 77 16 13 39 8 7 0.91
956 77 16 13 45 9 16 1.15
957 77 16 13 50 10 16 1.17
958 77 16 13 56 11 6 1.13
959 77 16 13 61 12 6 1.1
960 78 16 14 82 17 18 1.12
961 78 16 14 91 18 14 0.93
962 78 16 14 96 19 13 0.94
963 78 16 14 97 20 17 0.93
964 78 16 14 6 1 0 0.94
965 78 16 14 10 2 5 0.92
966 78 16 14 15 3 7 0.94
967 78 16 14 18 4 2 1.19
968 78 16 14 22 5 6 0.91
969 78 16 14 30 6 10 1.16
970 78 16 14 32 7 5 0.91
971 78 16 14 41 8 4 0.9
972 78 16 14 42 9 10 1.18
973 78 16 14 48 10 11 1.15
974 78 16 14 53 11 10 1.15
975 78 16 14 61 12 6 1.18
976 79 16 15 82 17 18 0.9
977 79 16 15 88 18 19 0.94
978 79 16 15 96 19 13 0.92
979 79 16 15 100 20 21 0.9
980 79 16 15 4 1 4 0.94
981 79 16 15 10 2 5 0.94
982 79 16 15 15 3 7 0.9
983 79 16 15 18 4 2 0.94
984 79 16 15 26 5 4 1.17
985 79 16 15 30 6 10 0.93
986 79 16 15 35 7 10 0.94
987 79 16 15 39 8 7 1.11
988 79 16 15 43 9 11 1.12
989 79 16 15 49 10 12 1.16
990 79 16 15 52 11 9 1.18
991 79 16 15 59 12 11 1.16
992 82 17 18 4 1 4 1.17
993 82 17 18 11 2 0 0.9
994 82 17 18 12 3 1 0.9
995 82 17 18 19 4 3 0.94
996 82 17 18 24 5 8 1.12
997 82 17 18 31 6 2 0.94
998 82 17 18 36 7 3 0.9
999 82 17 18 40 8 12 0.91
1000 82 17 18 45 9 16 1.1
1001 82 17 18 51 10 5 1.1
1002 82 17 18 53 11 10 1.17
1003 82 17 18 60 12 13 1.17
1004 82 17 18 66 13 11 1.19
1005 82 17 18 68 14 15 1.11
1006 82 17 18 72 15 13 1.19
1007 82 17 18 79 16 15 1.18
1008 83 17 19 4 1 4 0.9
1009 83 17 19 8 2 3 0.92
1010 83 17 19 16 3 0 0.9
1011 83 17 19 19 4 3 0.94
1012 83 17 19 24 5 8 1.16
1013 83 17 19 27 6 5 0.9
1014 83 17 19 36 7 3 1.13
1015 83 17 19 40 8 12 0.9
1016 83 17 19 46 9 5 1.16
1017 83 17 19 47 10 9 1.14
1018 83 17 19 53 11 10 1.1
1019 83 17 19 59 12 11 1.12
1020 83 17 19 66 13 11 1.15
1021 83 17 19 71 14 9 0.91
1022 83 17 19 73 15 14 1.18
1023 83 17 19 78 16 14 1.13
1024 84 17 20 4 1 4 0.93
1025 84 17 20 9 2 4 0.94
1026 84 17 20 15 3 7 0.92
1027 84 17 20 17 4 1 1.13
1028 84 17 20 24 5 8 0.94
1029 84 17 20 27 6 5 0.94
1030 84 17 20 34 7 8 0.94
1031 84 17 20 41 8 4 1.18
1032 84 17 20 44 9 12 0.91
1033 84 17 20 47 10 9 1.16
1034 84 17 20 55 11 14 0.9
1035 84 17 20 61 12 6 0.94
1036 84 17 20 66 13 11 1.18
1037 84 17 20 70 14 17 0.93
1038 84 17 20 73 15 14 1.12
1039 84 17 20 78 16 14 1.14
1040 87 18 17 2 1 2 0.94
1041 87 18 17 8 2 3 0.91
1042 87 18 17 12 3 1 0.91
1043 87 18 17 17 4 1 0.93
1044 87 18 17 25 5 11 1.18
1045 87 18 17 29 6 8 1.16
1046 87 18 17 34 7 8 0.94
1047 87 18 17 40 8 12 0.94
1048 87 18 17 43 9 11 0.91
1049 87 18 17 49 10 12 1.15
1050 87 18 17 52 11 9 1.17
1051 87 18 17 57 12 9 0.93
1052 87 18 17 66 13 11 1.18
1053 87 18 17 70 14 17 1.18
1054 87 18 17 75 15 19 1.14
1055 87 18 17 77 16 13 1.12
1056 88 18 19 4 1 4 1.18
1057 88 18 19 11 2 0 0.93
1058 88 18 19 13 3 2 0.92
1059 88 18 19 19 4 3 0.94
1060 88 18 19 24 5 8 0.9
1061 88 18 19 29 6 8 0.9
1062 88 18 19 33 7 6 1.17
1063 88 18 19 37 8 5 1.12
1064 88 18 19 42 9 10 0.92
1065 88 18 19 49 10 12 0.94
1066 88 18 19 53 11 10 1.16
1067 88 18 19 59 12 11 1.11
1068 88 18 19 62 13 14 1.19
1069 88 18 19 68 14 15 1.17
1070 88 18 19 76 15 9 1.16
1071 88 18 19 77 16 13 0.94
1072 89 18 20 2 1 2 0.94
1073 89 18 20 10 2 5 0.9
1074 89 18 20 14 3 4 0.93
1075 89 18 20 18 4 2 1.16
1076 89 18 20 24 5 8 0.9
1077 89 18 20 31 6 2 1.12
1078 89 18 20 34 7 8 1.14
1079 89 18 20 37 8 5 0.94
1080 89 18 20 45 9 16 1.14
1081 89 18 20 47 10 9 1.16
1082 89 18 20 54 11 12 1.17
1083 89 18 20 58 12 10 0.94
1084 89 18 20 63 13 15 1.17
1085 89 18 20 71 14 9 1.1
1086 89 18 20 76 15 9 1.1
1087 89 18 20 78 16 14 1.18
1088 92 19 17 3 1 3 0.94
1089 92 19 17 9 2 4 0.91
1090 92 19 17 16 3 0 0.94
1091 92 19 17 18 4 2 0.94
1092 92 19 17 22 5 6 1.1
1093 92 19 17 28 6 7 1.19
1094 92 19 17 32 7 5 0.92
1095 92 19 17 41 8 4 0.92
1096 92 19 17 43 9 11 0.9
1097 92 19 17 51 10 5 0.9
1098 92 19 17 55 11 14 0.9
1099 92 19 17 59 12 11 0.93
1100 92 19 17 62 13 14 1.12
1101 92 19 17 70 14 17 1.15
1102 92 19 17 73 15 14 1.11
1103 92 19 17 77 16 13 1.18
1104 93 19 18 2 1 2 1.18
1105 93 19 18 8 2 3 0.9
1106 93 19 18 12 3 1 0.93
1107 93 19 18 17 4 1 0.93
1108 93 19 18 23 5 7 0.94
1109 93 19 18 31 6 2 0.91
1110 93 19 18 35 7 10 0.94
1111 93 19 18 39 8 7 0.9
1112 93 19 18 44 9 12 0.93
1113 93 19 18 50 10 16 0.91
1114 93 19 18 52 11 9 1.11
1115 93 19 18 58 12 10 0.91
1116 93 19 18 62 13 14 1.11
1117 93 19 18 70 14 17 0.93
1118 93 19 18 73 15 14 1.1
1119 93 19 18 77 16 13 0.9
1120 94 19 20 4 1 4 0.91
1121 94 19 20 9 2 4 0.93
1122 94 19 20 16 3 0 0.94
1123 94 19 20 20 4 7 1.18
1124 94 19 20 26 5 4 0.92
1125 94 19 20 27 6 5 1.18
1126 94 19 20 36 7 3 0.93
1127 94 19 20 41 8 4 0.9
1128 94 19 20 43 9 11 0.91
1129 94 19 20 47 10 9 1.17
1130 94 19 20 54 11 12 0.92
1131 94 19 20 59 12 11 1.12
1132 94 19 20 65 13 17 1.17
1133 94 19 20 68 14 15 0.9
1134 94 19 20 72 15 13 1.18
1135 94 19 20 81 16 11 1.15
1136 97 20 17 5 1 7 0.91
1137 97 20 17 7 2 1 0.93
1138 97 20 17 16 3 0 0.93
1139 97 20 17 20 4 7 0.92
1140 97 20 17 22 5 6 1.13
1141 97 20 17 31 6 2 1.19
1142 97 20 17 32 7 5 0.91
1143 97 20 17 39 8 7 1.13
1144 97 20 17 42 9 10 1.15
1145 97 20 17 50 10 16 1.11
1146 97 20 17 52 11 9 0.92
1147 97 20 17 57 12 9 1.12
1148 97 20 17 62 13 14 1.15
1149 97 20 17 67 14 13 0.93
1150 97 20 17 72 15 13 1.18
1151 97 20 17 80 16 20 1.18
1152 98 20 18 2 1 2 0.94
1153 98 20 18 7 2 1 0.9
1154 98 20 18 13 3 2 0.93
1155 98 20 18 19 4 3 0.93
1156 98 20 18 25 5 11 1.12
1157 98 20 18 28 6 7 0.93
1158 98 20 18 36 7 3 1.17
1159 98 20 18 40 8 12 1.15
1160 98 20 18 44 9 12 1.14
1161 98 20 18 47 10 9 0.92
1162 98 20 18 52 11 9 1.13
1163 98 20 18 57 12 9 1.18
1164 98 20 18 62 13 14 1.13
1165 98 20 18 70 14 17 1.14
1166 98 20 18 75 15 19 1.16
1167 98 20 18 78 16 14 1.13
1168 99 20 19 6 1 0 0.94
1169 99 20 19 11 2 0 0.93
1170 99 20 19 16 3 0 0.94
1171 99 20 19 21 4 0 0.9
1172 99 20 19 22 5 6 0.9
1173 99 20 19 31 6 2 0.9
1174 99 20 19 35 7 10 0.92
1175 99 20 19 38 8 6 0.92
1176 99 20 19 42 9 10 1.11
1177 99 20 19 49 10 12 1.14
1178 99 20 19 52 11 9 1.18
1179 99 20 19 60 12 13 0.93
1180 99 20 19 62 13 14 1.17
1181 99 20 19 67 14 13 0.9
1182 99 20 19 76 15 9 1.12
1183 99 20 19 79 16 15 1.15
1184 6 1 0 25 5 11 1.15
1185 6 1 0 30 6 10 1.18
1186 6 1 0 34 7 8 0.91
1187 6 1 0 40 8 12 1.18
1188 6 1 0 43 9 11 1.18
1189 6 1 0 48 10 11 0.9
1190 6 1 0 55 11 14 1.1
1191 6 1 0 58 12 10 0.92
1192 6 1 0 63 13 15 0.92
1193 6 1 0 68 14 15 1.14
1194 6 1 0 72 15 13 1.16
1195 6 1 0 80 16 20 0.94
1196 6 1 0 86 17 14 1.13
1197 6 1 0 89 18 20 1.1
1198 6 1 0 95 19 21 1.18
1199 6 1 0 97 20 17 1.19
1200 5 1 7 26 5 4 0.9
1201 5 1 7 31 6 2 0.94
1202 5 1 7 36 7 3 1.15
1203 5 1 7 40 8 12 0.92
1204 5 1 7 45 9 16 1.17
1205 5 1 7 49 10 12 1.13
1206 5 1 7 56 11 6 0.93
1207 5 1 7 58 12 10 0.92
1208 5 1 7 65 13 17 0.93
1209 5 1 7 71 14 9 0.91
1210 5 1 7 76 15 9 0.92
1211 5 1 7 78 16 14 0.9
1212 5 1 7 82 17 18 1.12
1213 5 1 7 87 18 17 0.93
1214 5 1 7 95 19 21 1.13
1215 5 1 7 100 20 21 1.17
1216 11 2 0 23 5 7 0.9
1217 11 2 0 27 6 5 0.93
1218 11 2 0 36 7 3 1.13
1219 11 2 0 39 8 7 1.19
1220 11 2 0 45 9 16 0.91
1221 11 2 0 49 10 12 0.92
1222 11 2 0 52 11 9 0.91
1223 11 2 0 58 12 10 1.1
1224 11 2 0 65 13 17 1.1
1225 11 2 0 70 14 17 0.9
1226 11 2 0 76 15 9 0.91
1227 11 2 0 77 16 13 0.9
1228 11 2 0 82 17 18 1.15
1229 11 2 0 91 18 14 1.12
1230 11 2 0 92 19 17 1.18
1231 11 2 0 100 20 21 1.15
1232 10 2 5 25 5 11 0.92
1233 10 2 5 31 6 2 1.13
1234 10 2 5 36 7 3 0.91
1235 10 2 5 39 8 7 0.94
1236 10 2 5 46 9 5 1.12
1237 10 2 5 51 10 5 0.92
1238 10 2 5 56 11 6 0.93
1239 10 2 5 59 12 11 1.15
1240 10 2 5 64 13 16 1.11
1241 10 2 5 71 14 9 1.14
1242 10 2 5 75 15 19 0.94
1243 10 2 5 80 16 20 1.11
1244 10 2 5 86 17 14 0.91
1245 10 2 5 87 18 17 0.91
1246 10 2 5 95 19 21 1.12
1247 10 2 5 97 20 17 1.17
1248 16 3 0 22 5 6 0.93
1249 16 3 0 31 6 2 0.91
1250 16 3 0 33 7 6 0.9
1251 16 3 0 37 8 5 0.91
1252 16 3 0 45 9 16 0.9
1253 16 3 0 47 10 9 0.91
1254 16 3 0 54 11 12 1.12
1255 16 3 0 61 12 6 0.91
1256 16 3 0 66 13 11 0.91
1257 16 3 0 71 14 9 1.15
1258 16 3 0 74 15 16 1.19
1259 16 3 0 77 16 13 0.93
1260 16 3 0 82 17 18 1.12
1261 16 3 0 91 18 14 1.14
1262 16 3 0 96 19 13 0.91
1263 16 3 0 99 20 19 1.13
1264 15 3 7 26 5 4 0.92
1265 15 3 7 30 6 10 0.92
1266 15 3 7 35 7 10 0.94
1267 15 3 7 40 8 12 0.91
1268 15 3 7 46 9 5 1.13
1269 15 3 7 49 10 12 0.9
1270 15 3 7 56 11 6 1.15
1271 15 3 7 59 12 11 1.16
1272 15 3 7 62 13 14 1.1
1273 15 3 7 70 14 17 0.91
1274 15 3 7 76 15 9 0.92
1275 15 3 7 77 16 13 0.92
1276 15 3 7 85 17 21 1.16
1277 15 3 7 88 18 19 0.92
1278 15 3 7 96 19 13 1.11
1279 15 3 7 100 20 21 1.18
1280 21 4 0 23 5 7 1.12
1281 21 4 0 30 6 10 1.13
1282 21 4 0 33 7 6 0.93
1283 21 4 0 39 8 7 0.91
1284 21 4 0 44 9 12 0.93
1285 21 4 0 51 10 5 1.17
1286 21 4 0 55 11 14 0.91
1287 21 4 0 60 12 13 0.9
1288 21 4 0 65 13 17 0.94
1289 21 4 0 67 14 13 1.14
1290 21 4 0 72 15 13 0.94
1291 21 4 0 77 16 13 1.1
1292 21 4 0 82 17 18 1.18
1293 21 4 0 88 18 19 1.17
1294 21 4 0 92 19 17 1.1
1295 21 4 0 97 20 17 0.94
1296 20 4 7 23 5 7 1.17
1297 20 4 7 29 6 8 0.93
1298 20 4 7 35 7 10 0.92
1299 20 4 7 39 8 7 0.93
1300 20 4 7 43 9 11 0.93
1301 20 4 7 47 10 9 0.92
1302 20 4 7 54 11 12 0.92
1303 20 4 7 59 12 11 0.91
1304 20 4 7 66 13 11 1.18
1305 20 4 7 67 14 13 1.1
1306 20 4 7 76 15 9 1.16
1307 20 4 7 80 16 20 0.93
1308 20 4 7 85 17 21 0.93
1309 20 4 7 88 18 19 1.17
1310 20 4 7 96 19 13 1.18
1311 20 4 7 100 20 21 0.93
1312 26 5 4 42 9 10 0.92
1313 26 5 4 51 10 5 0.93
1314 26 5 4 54 11 12 0.93
1315 26 5 4 59 12 11 0.92
1316 26 5 4 63 13 15 0.94
1317 26 5 4 69 14 16 0.9
1318 26 5 4 73 15 14 1.16
1319 26 5 4 80 16 20 1.14
1320 26 5 4 83 17 19 0.92
1321 26 5 4 91 18 14 1.17
1322 26 5 4 95 19 21 1.19
1323 26 5 4 99 20 19 1.12
1324 26 5 4 3 1 3 1.13
1325 26 5 4 9 2 4 1.13
1326 26 5 4 14 3 4 1.11
1327 26 5 4 17 4 1 0.92
1328 25 5 11 42 9 10 0.9
1329 25 5 11 51 10 5 0.92
1330 25 5 11 56 11 6 0.93
1331 25 5 11 59 12 11 0.93
1332 25 5 11 64 13 16 0.93
1333 25 5 11 68 14 15 1.11
1334 25 5 11 75 15 19 0.92
1335 25 5 11 77 16 13 1.11
1336 25 5 11 86 17 14 1.16
1337 25 5 11 90 18 21 1.19
1338 25 5 11 95 19 21 1.17
1339 25 5 11 100 20 21 1.17
1340 25 5 11 4 1 4 0.93
1341 25 5 11 7 2 1 0.94
1342 25 5 11 15 3 7 1.1
1343 25 5 11 21 4 0 1.13
1344 31 6 2 44 9 12 0.93
1345 31 6 2 49 10 12 0.93
1346 31 6 2 54 11 12 0.92
1347 31 6 2 58 12 10 0.94
1348 31 6 2 66 13 11 0.94
1349 31 6 2 70 14 17 0.94
1350 31 6 2 72 15 13 0.94
1351 31 6 2 80 16 20 0.94
1352 31 6 2 83 17 19 1.19
1353 31 6 2 89 18 20 0.93
1354 31 6 2 96 19 13 1.16
1355 31 6 2 100 20 21 1.12
1356 31 6 2 3 1 3 1.18
1357 31 6 2 7 2 1 1.14
1358 31 6 2 13 3 2 0.93
1359 31 6 2 21 4 0 0.91
1360 30 6 10 42 9 10 0.9
1361 30 6 10 48 10 11 0.91
1362 30 6 10 55 11 14 0.94
1363 30 6 10 58 12 10 0.92
1364 30 6 10 65 13 17 0.92
1365 30 6 10 70 14 17 0.9
1366 30 6 10 74 15 16 0.9
1367 30 6 10 81 16 11 1.18
1368 30 6 10 82 17 18 0.94
1369 30 6 10 89 18 20 1.16
1370 30 6 10 94 19 20 1.1
1371 30 6 10 100 20 21 0.9
1372 30 6 10 4 1 4 0.9
1373 30 6 10 8 2 3 1.16
1374 30 6 10 16 3 0 1.12
1375 30 6 10 18 4 2 1.13
1376 36 7 3 44 9 12 1.12
1377 36 7 3 49 10 12 1.19
1378 36 7 3 56 11 6 0.94
1379 36 7 3 58 12 10 1.1
1380 36 7 3 64 13 16 1.18
1381 36 7 3 70 14 17 0.92
1382 36 7 3 75 15 19 1.15
1383 36 7 3 77 16 13 1.12
1384 36 7 3 83 17 19 1.1
1385 36 7 3 89 18 20 1.16
1386 36 7 3 94 19 20 1.17
1387 36 7 3 99 20 19 1.13
1388 36 7 3 5 1 7 1.16
1389 36 7 3 10 2 5 1.15
1390 36 7 3 15 3 7 1.17
1391 36 7 3 19 4 3 1.16
1392 35 7 10 43 9 11 0.93
1393 35 7 10 49 10 12 1.12
1394 35 7 10 55 11 14 1.15
1395 35 7 10 60 12 13 0.9
1396 35 7 10 62 13 14 1.15
1397 35 7 10 70 14 17 1.17
1398 35 7 10 74 15 16 0.94
1399 35 7 10 80 16 20 1.13
1400 35 7 10 84 17 20 1.15
1401 35 7 10 87 18 17 0.9
1402 35 7 10 95 19 21 1.15
1403 35 7 10 97 20 17 1.19
1404 35 7 10 5 1 7 1.15
1405 35 7 10 11 2 0 1.18
1406 35 7 10 13 3 2 1.11
1407 35 7 10 19 4 3 1.15
1408 41 8 4 43 9 11 0.92
1409 41 8 4 50 10 16 0.93
1410 41 8 4 56 11 6 0.94
1411 41 8 4 57 12 9 0.9
1412 41 8 4 64 13 16 1.13
1413 41 8 4 69 14 16 0.93
1414 41 8 4 73 15 14 0.92
1415 41 8 4 79 16 15 1.14
1416 41 8 4 82 17 18 1.12
1417 41 8 4 91 18 14 0.92
1418 41 8 4 92 19 17 0.9
1419 41 8 4 100 20 21 1.19
1420 41 8 4 6 1 0 1.1
1421 41 8 4 10 2 5 1.16
1422 41 8 4 14 3 4 1.14
1423 41 8 4 20 4 7 1.17
1424 40 8 12 45 9 16 0.92
1425 40 8 12 48 10 11 0.91
1426 40 8 12 52 11 9 0.93
1427 40 8 12 58 12 10 0.94
1428 40 8 12 65 13 17 1.16
1429 40 8 12 71 14 9 1.18
1430 40 8 12 74 15 16 1.13
1431 40 8 12 77 16 13 1.11
1432 40 8 12 84 17 20 0.91
1433 40 8 12 91 18 14 0.92
1434 40 8 12 95 19 21 0.9
1435 40 8 12 100 20 21 1.19
1436 40 8 12 4 1 4 0.94
1437 40 8 12 8 2 3 1.16
1438 40 8 12 14 3 4 1.19
1439 40 8 12 20 4 7 1.12
1440 46 9 5 64 13 16 0.93
1441 46 9 5 68 14 15 0.93
1442 46 9 5 75 15 19 0.92
1443 46 9 5 77 16 13 0.92
1444 46 9 5 85 17 21 0.9
1445 46 9 5 89 18 20 0.91
1446 46 9 5 95 19 21 0.93
1447 46 9 5 97 20 17 0.93
1448 46 9 5 4 1 4 1.17
1449 46 9 5 10 2 5 1.15
1450 46 9 5 16 3 0 0.94
1451 46 9 5 21 4 0 1.14
1452 46 9 5 24 5 8 1.16
1453 46 9 5 29 6 8 0.91
1454 46 9 5 32 7 5 1.1
1455 46 9 5 38 8 6 1.13
1456 45 9 16 62 13 14 0.91
1457 45 9 16 68 14 15 1.12
1458 45 9 16 75 15 19 0.9
1459 45 9 16 79 16 15 0.9
1460 45 9 16 86 17 14 1.17
1461 45 9 16 89 18 20 0.92
1462 45 9 16 96 19 13 1.13
1463 45 9 16 101 20 16 1.13
1464 45 9 16 4 1 4 1.19
1465 45 9 16 7 2 1 1.12
1466 45 9 16 15 3 7 1.11
1467 45 9 16 17 4 1 1.15
1468 45 9 16 25 5 11 0.92
1469 45 9 16 28 6 7 1.19
1470 45 9 16 36 7 3 1.12
1471 45 9 16 38 8 6 1.13
1472 51 10 5 65 13 17 0.93
1473 51 10 5 70 14 17 0.9
1474 51 10 5 75 15 19 1.14
1475 51 10 5 81 16 11 0.92
1476 51 10 5 84 17 20 1.14
1477 51 10 5 89 18 20 0.9
1478 51 10 5 94 19 20 1.1
1479 51 10 5 99 20 19 1.17
1480 51 10 5 5 1 7 1.16
1481 51 10 5 11 2 0 1.11
1482 51 10 5 14 3 4 0.91
1483 51 10 5 20 4 7 0.94
1484 51 10 5 26 5 4 0.91
1485 51 10 5 28 6 7 1.17
1486 51 10 5 33 7 6 0.93
1487 51 10 5 38 8 6 1.11
1488 50 10 16 62 13 14 1.14
1489 50 10 16 68 14 15 0.93
1490 50 10 16 72 15 13 1.11
1491 50 10 16 78 16 14 0.94
1492 50 10 16 85 17 21 0.94
1493 50 10 16 91 18 14 1.1
1494 50 10 16 92 19 17 1.13
1495 50 10 16 98 20 18 0.92
1496 50 10 16 3 1 3 0.93
1497 50 10 16 7 2 1 0.9
1498 50 10 16 13 3 2 1.13
1499 50 10 16 21 4 0 0.94
1500 50 10 16 23 5 7 1.16
1501 50 10 16 28 6 7 1.18
1502 50 10 16 35 7 10 1.12
1503 50 10 16 38 8 6 0.92
1504 56 11 6 65 13 17 0.93
1505 56 11 6 71 14 9 0.94
1506 56 11 6 76 15 9 0.92
1507 56 11 6 77 16 13 0.94
1508 56 11 6 86 17 14 1.14
1509 56 11 6 90 18 21 0.9
1510 56 11 6 93 19 18 0.94
1511 56 11 6 97 20 17 0.91
1512 56 11 6 6 1 0 1.1
1513 56 11 6 10 2 5 1.14
1514 56 11 6 15 3 7 0.91
1515 56 11 6 21 4 0 1.15
1516 56 11 6 24 5 8 0.94
1517 56 11 6 30 6 10 1.1
1518 56 11 6 35 7 10 0.92
1519 56 11 6 38 8 6 1.19
1520 55 11 14 65 13 17 0.9
1521 55 11 14 68 14 15 1.15
1522 55 11 14 73 15 14 0.91
1523 55 11 14 80 16 20 0.9
1524 55 11 14 82 17 18 0.94
1525 55 11 14 90 18 21 0.93
1526 55 11 14 92 19 17 0.92
1527 55 11 14 101 20 16 0.94
1528 55 11 14 4 1 4 0.92
1529 55 11 14 7 2 1 1.11
1530 55 11 14 13 3 2 0.92
1531 55 11 14 21 4 0 1.18
1532 55 11 14 23 5 7 0.93
1533 55 11 14 30 6 10 1.18
1534 55 11 14 36 7 3 1.19
1535 55 11 14 41 8 4 1.11
1536 61 12 6 64 13 16 0.9
1537 61 12 6 70 14 17 0.92
1538 61 12 6 73 15 14 0.92
1539 61 12 6 78 16 14 0.91
1540 61 12 6 86 17 14 1.18
1541 61 12 6 89 18 20 1.1
1542 61 12 6 96 19 13 0.92
1543 61 12 6 97 20 17 1.1
1544 61 12 6 6 1 0 1.14
1545 61 12 6 11 2 0 1.16
1546 61 12 6 15 3 7 0.94
1547 61 12 6 17 4 1 0.92
1548 61 12 6 25 5 11 1.19
1549 61 12 6 31 6 2 1.16
1550 61 12 6 35 7 10 1.13
1551 61 12 6 41 8 4 0.91
1552 60 12 13 65 13 17 0.93
1553 60 12 13 69 14 16 1.12
1554 60 12 13 75 15 19 0.92
1555 60 12 13 78 16 14 0.91
1556 60 12 13 82 17 18 0.94
1557 60 12 13 91 18 14 1.19
1558 60 12 13 92 19 17 0.94
1559 60 12 13 97 20 17 1.19
1560 60 12 13 6 1 0 0.91
1561 60 12 13 9 2 4 0.93
1562 60 12 13 14 3 4 1.19
1563 60 12 13 18 4 2 1.17
1564 60 12 13 24 5 8 1.13
1565 60 12 13 27 6 5 1.13
1566 60 12 13 34 7 8 1.14
1567 60 12 13 38 8 6 0.91
1568 66 13 11 85 17 21 0.9
1569 66 13 11 90 18 21 0.92
1570 66 13 11 95 19 21 0.93
1571 66 13 11 101 20 16 0.94
1572 66 13 11 3 1 3 1.15
1573 66 13 11 11 2 0 1.16
1574 66 13 11 14 3 4 1.17
1575 66 13 11 18 4 2 1.14
1576 66 13 11 23 5 7 1.12
1577 66 13 11 28 6 7 0.91
1578 66 13 11 32 7 5 1.11
1579 66 13 11 38 8 6 1.11
1580 66 13 11 46 9 5 1.17
1581 66 13 11 47 10 9 1.18
1582 66 13 11 52 11 9 1.12
1583 66 13 11 59 12 11 1.19
1584 65 13 17 86 17 14 0.93
1585 65 13 17 88 18 19 1.19
1586 65 13 17 96 19 13 0.9
1587 65 13 17 101 20 16 0.93
1588 65 13 17 4 1 4 0.93
1589 65 13 17 7 2 1 1.1
1590 65 13 17 15 3 7 1.11
1591 65 13 17 17 4 1 0.92
1592 65 13 17 23 5 7 1.14
1593 65 13 17 30 6 10 0.94
1594 65 13 17 32 7 5 0.9
1595 65 13 17 38 8 6 1.15
1596 65 13 17 43 9 11 0.92
1597 65 13 17 48 10 11 1.16
1598 65 13 17 52 11 9 0.91
1599 65 13 17 60 12 13 1.19
1600 71 14 9 86 17 14 0.91
1601 71 14 9 88 18 19 0.94
1602 71 14 9 92 19 17 0.91
1603 71 14 9 100 20 21 0.91
1604 71 14 9 6 1 0 0.94
1605 71 14 9 9 2 4 1.1
1606 71 14 9 12 3 1 0.94
1607 71 14 9 21 4 0 1.12
1608 71 14 9 24 5 8 1.13
1609 71 14 9 31 6 2 1.18
1610 71 14 9 32 7 5 1.19
1611 71 14 9 41 8 4 0.93
1612 71 14 9 45 9 16 1.13
1613 71 14 9 51 10 5 0.91
1614 71 14 9 55 11 14 0.9
1615 71 14 9 61 12 6 1.19
1616 70 14 17 86 17 14 1.14
1617 70 14 17 87 18 17 0.91
1618 70 14 17 95 19 21 0.92
1619 70 14 17 101 20 16 0.91
1620 70 14 17 2 1 2 0.92
1621 70 14 17 11 2 0 0.93
1622 70 14 17 13 3 2 0.9
1623 70 14 17 19 4 3 1.13
1624 70 14 17 23 5 7 1.18
1625 70 14 17 28 6 7 1.15
1626 70 14 17 32 7 5 0.9
1627 70 14 17 41 8 4 0.93
1628 70 14 17 44 9 12 1.13
1629 70 14 17 51 10 5 1.12
1630 70 14 17 54 11 12 0.94
1631 70 14 17 58 12 10 1.14
1632 76 15 9 83 17 19 0.91
1633 76 15 9 88 18 19 0.91
1634 76 15 9 92 19 17 0.94
1635 76 15 9 98 20 18 0.94
1636 76 15 9 2 1 2 0.9
1637 76 15 9 10 2 5 1.13
1638 76 15 9 12 3 1 1.19
1639 76 15 9 19 4 3 1.17
1640 76 15 9 23 5 7 1.13
1641 76 15 9 28 6 7 1.15
1642 76 15 9 32 7 5 0.92
1643 76 15 9 40 8 12 1.16
1644 76 15 9 42 9 10 1.16
1645 76 15 9 49 10 12 0.94
1646 76 15 9 53 11 10 1.18
1647 76 15 9 58 12 10 1.16
1648 75 15 19 82 17 18 0.9
1649 75 15 19 90 18 21 0.9
1650 75 15 19 95 19 21 0.92
1651 75 15 19 97 20 17 0.92
1652 75 15 19 4 1 4 0.91
1653 75 15 19 10 2 5 0.94
1654 75 15 19 16 3 0 0.91
1655 75 15 19 21 4 0 1.16
1656 75 15 19 26 5 4 1.17
1657 75 15 19 29 6 8 0.94
1658 75 15 19 36 7 3 0.91
1659 75 15 19 41 8 4 1.15
1660 75 15 19 46 9 5 0.93
1661 75 15 19 47 10 9 1.19
1662 75 15 19 52 11 9 1.14
1663 75 15 19 59 12 11 1.1
1664 81 16 11 82 17 18 0.91
1665 81 16 11 89 18 20 0.94
1666 81 16 11 94 19 20 0.9
1667 81 16 11 101 20 16 0.91
1668 81 16 11 5 1 7 0.93
1669 81 16 11 11 2 0 0.9
1670 81 16 11 14 3 4 0.93
1671 81 16 11 20 4 7 0.92
1672 81 16 11 23 5 7 1.16
1673 81 16 11 31 6 2 0.93
1674 81 16 11 36 7 3 1.16
1675 81 16 11 39 8 7 1.14
1676 81 16 11 42 9 10 1.18
1677 81 16 11 48 10 11 1.12
1678 81 16 11 53 11 10 1.1
1679 81 16 11 60 12 13 1.18
1680 80 16 20 84 17 20 0.94
1681 80 16 20 89 18 20 0.9
1682 80 16 20 93 19 18 0.93
1683 80 16 20 99 20 19 1.12
1684 80 16 20 3 1 3 0.92
1685 80 16 20 8 2 3 1.16
1686 80 16 20 15 3 7 0.92
1687 80 16 20 20 4 7 0.93
1688 80 16 20 22 5 6 1.19
1689 80 16 20 29 6 8 0.94
1690 80 16 20 35 7 10 1.18
1691 80 16 20 38 8 6 1.13
1692 80 16 20 43 9 11 0.9
1693 80 16 20 47 10 9 1.1
1694 80 16 20 56 11 6 1.1
1695 80 16 20 60 12 13 1.1
1696 86 17 14 2 1 2 0.93
1697 86 17 14 11 2 0 1.14
1698 86 17 14 12 3 1 0.9
1699 86 17 14 21 4 0 0.92
1700 86 17 14 22 5 6 1.15
1701 86 17 14 27 6 5 1.18
1702 86 17 14 34 7 8 1.13
1703 86 17 14 39 8 7 0.92
1704 86 17 14 46 9 5 1.14
1705 86 17 14 48 10 11 1.17
1706 86 17 14 56 11 6 0.91
1707 86 17 14 58 12 10 1.13
1708 86 17 14 62 13 14 0.91
1709 86 17 14 70 14 17 1.15
1710 86 17 14 74 15 16 1.11
1711 86 17 14 79 16 15 0.92
1712 85 17 21 3 1 3 0.92
1713 85 17 21 10 2 5 0.93
1714 85 17 21 14 3 4 0.9
1715 85 17 21 21 4 0 0.92
1716 85 17 21 23 5 7 0.92
1717 85 17 21 27 6 5 0.9
1718 85 17 21 33 7 6 1.18
1719 85 17 21 41 8 4 1.18
1720 85 17 21 44 9 12 1.17
1721 85 17 21 48 10 11 0.91
1722 85 17 21 53 11 10 0.9
1723 85 17 21 61 12 6 0.94
1724 85 17 21 64 13 16 1.14
1725 85 17 21 71 14 9 1.19
1726 85 17 21 72 15 13 1.1
1727 85 17 21 81 16 11 1.16
1728 91 18 14 3 1 3 0.94
1729 91 18 14 10 2 5 0.92
1730 91 18 14 12 3 1 1.14
1731 91 18 14 18 4 2 0.93
1732 91 18 14 26 5 4 1.14
1733 91 18 14 29 6 8 0.9
1734 91 18 14 34 7 8 1.11
1735 91 18 14 38 8 6 1.15
1736 91 18 14 43 9 11 0.92
1737 91 18 14 51 10 5 1.14
1738 91 18 14 53 11 10 0.92
1739 91 18 14 58 12 10 1.18
1740 91 18 14 66 13 11 0.94
1741 91 18 14 69 14 16 1.18
1742 91 18 14 73 15 14 1.19
1743 91 18 14 81 16 11 1.11
1744 90 18 21 5 1 7 0.93
1745 90 18 21 9 2 4 1.18
1746 90 18 21 14 3 4 0.92
1747 90 18 21 21 4 0 0.93
1748 90 18 21 24 5 8 1.16
1749 90 18 21 28 6 7 0.9
1750 90 18 21 33 7 6 0.9
1751 90 18 21 41 8 4 1.19
1752 90 18 21 46 9 5 1.15
1753 90 18 21 50 10 16 1.17
1754 90 18 21 53 11 10 1.15
1755 90 18 21 57 12 9 0.93
1756 90 18 21 63 13 15 1.15
1757 90 18 21 69 14 16 1.1
1758 90 18 21 73 15 14 1.17
1759 90 18 21 77 16 13 1.14
1760 96 19 13 6 1 0 1.19
1761 96 19 13 11 2 0 0.93
1762 96 19 13 16 3 0 0.94
1763 96 19 13 18 4 2 0.93
1764 96 19 13 26 5 4 0.91
1765 96 19 13 28 6 7 1.16
1766 96 19 13 35 7 10 1.15
1767 96 19 13 40 8 12 0.94
1768 96 19 13 45 9 16 0.92
1769 96 19 13 48 10 11 0.9
1770 96 19 13 52 11 9 1.17
1771 96 19 13 59 12 11 1.12
1772 96 19 13 65 13 17 0.92
1773 96 19 13 67 14 13 1.19
1774 96 19 13 72 15 13 1.18
1775 96 19 13 80 16 20 1.13
1776 95 19 21 4 1 4 0.9
1777 95 19 21 9 2 4 1.18
1778 95 19 21 16 3 0 0.93
1779 95 19 21 18 4 2 0.91
1780 95 19 21 24 5 8 0.9
1781 95 19 21 30 6 10 0.92
1782 95 19 21 34 7 8 0.92
1783 95 19 21 41 8 4 0.93
1784 95 19 21 45 9 16 1.13
1785 95 19 21 51 10 5 1.16
1786 95 19 21 55 11 14 1.13
1787 95 19 21 61 12 6 1.18
1788 95 19 21 63 13 15 0.9
1789 95 19 21 69 14 16 1.11
1790 95 19 21 75 15 19 1.14
1791 95 19 21 78 16 14 1.13
1792 101 20 16 6 1 0 0.94
1793 101 20 16 9 2 4 0.92
1794 101 20 16 14 3 4 0.92
1795 101 20 16 18 4 2 0.94
1796 101 20 16 24 5 8 1.17
1797 101 20 16 31 6 2 0.92
1798 101 20 16 32 7 5 0.91
1799 101 20 16 37 8 5 1.18
1800 101 20 16 43 9 11 1.13
1801 101 20 16 50 10 16 1.11
1802 101 20 16 53 11 10 1.17
1803 101 20 16 59 12 11 0.91
1804 101 20 16 64 13 16 1.14
1805 101 20 16 71 14 9 1.15
1806 101 20 16 74 15 16 1.19
1807 101 20 16 78 16 14 0.92
1808 100 20 21 4 1 4 0.91
1809 100 20 21 7 2 1 0.9
1810 100 20 21 12 3 1 1.13
1811 100 20 21 19 4 3 0.91
1812 100 20 21 22 5 6 0.94
1813 100 20 21 28 6 7 0.9
1814 100 20 21 36 7 3 0.93
1815 100 20 21 39 8 7 0.93
1816 100 20 21 44 9 12 0.91
1817 100 20 21 47 10 9 1.13
1818 100 20 21 56 11 6 1.1
1819 100 20 21 60 12 13 1.13
1820 100 20 21 65 13 17 1.1
1821 100 20 21 67 14 13 1.11
1822 100 20 21 74 15 16 0.93
1823 100 20 21 81 16 11 1.18
