22 132 2135
92 16 17 1.0
46 8 9 1.0
131 21 20 1.0
106 18 19 1.0
37 6 3 1.0
34 6 9 1.0
91 15 9 1.0
85 14 8 1.0
111 19 17 1.0
25 4 0 1.0
105 18 17 1.0
108 18 21 1.0
8 2 1 1.0
98 17 16 1.0
120 20 21 1.0
80 14 11 1.0
58 10 8 1.0
86 15 11 1.0
84 14 19 1.0
66 11 19 1.0
64 11 14 1.0
74 13 11 1.0
23 4 5 1.0
93 16 18 1.0
119 20 19 1.0
47 8 10 1.0
42 7 14 1.0
121 20 11 1.0
83 14 15 1.0
33 6 8 1.0
130 21 19 1.0
114 19 21 1.0
22 4 3 1.0
77 13 15 1.0
19 3 0 1.0
113 19 20 1.0
116 20 16 1.0
129 21 18 1.0
128 21 17 1.0
1 0 21 1.0
11 2 5 1.0
48 8 11 1.0
87 15 12 1.0
127 21 16 1.0
101 17 20 1.0
62 11 12 1.0
3 1 3 1.0
24 4 7 1.0
124 0 3 1.0
55 9 1 1.0
123 0 2 1.0
27 5 2 1.0
29 5 4 1.0
49 8 5 1.0
38 7 6 1.0
65 11 15 1.0
57 10 7 1.0
44 8 6 1.0
72 12 20 1.0
102 17 21 1.0
45 8 7 1.0
15 3 2 1.0
94 16 19 1.0
63 11 13 1.0
9 2 3 1.0
78 13 18 1.0
50 9 6 1.0
109 18 13 1.0
20 4 1 1.0
122 0 1 1.0
30 5 10 1.0
56 10 6 1.0
112 19 18 1.0
53 9 10 1.0
82 14 13 1.0
10 2 4 1.0
5 1 5 1.0
125 0 4 1.0
73 12 8 1.0
115 19 14 1.0
43 7 3 1.0
14 3 1 1.0
99 17 18 1.0
67 11 9 1.0
89 15 14 1.0
60 10 12 1.0
70 12 14 1.0
26 5 1 1.0
110 19 16 1.0
0 21 0 1.0
52 9 8 1.0
18 3 6 1.0
103 17 13 1.0
40 7 9 1.0
2 1 2 1.0
32 6 7 1.0
54 9 15 1.0
97 16 11 1.0
88 15 13 1.0
117 20 17 1.0
17 3 5 1.0
12 2 10 1.0
95 16 20 1.0
90 15 18 1.0
36 6 13 1.0
126 0 5 1.0
39 7 8 1.0
51 9 7 1.0
6 1 6 1.0
76 13 14 1.0
59 10 9 1.0
31 5 0 1.0
96 16 21 1.0
41 7 10 1.0
68 12 11 1.0
104 18 16 1.0
118 20 18 1.0
28 5 3 1.0
13 2 0 1.0
75 13 12 1.0
71 12 15 1.0
7 1 0 1.0
4 1 4 1.0
100 17 19 1.0
81 14 12 1.0
61 10 1 1.0
79 13 6 1.0
107 18 20 1.0
69 12 13 1.0
35 6 10 1.0
21 4 2 1.0
16 3 4 1.0
0 1 0 21 18 3 6 1.04
1 1 0 21 90 15 18 0.95
2 1 0 21 26 5 1 1.04
3 1 0 21 85 14 8 0.95
4 1 0 21 39 7 8 1.04
5 1 0 21 98 17 16 1.04
6 1 0 21 19 3 0 0.95
7 1 0 21 42 7 14 1.04
8 1 0 21 64 11 14 0.95
9 1 0 21 76 13 14 0.95
10 1 0 21 91 15 9 0.95
11 1 0 21 129 21 18 0.95
12 1 0 21 44 8 6 1.04
13 1 0 21 78 13 18 0.95
14 1 0 21 115 19 14 0.95
15 1 0 21 3 1 3 0.95
16 1 0 21 87 15 12 1.04
17 1 0 21 81 14 12 0.95
18 1 0 21 37 6 3 0.95
19 1 0 21 110 19 16 0.95
20 1 0 21 122 0 1 1.04
21 1 0 21 61 10 1 1.04
22 1 0 21 73 12 8 0.95
23 1 0 21 123 0 2 0.95
24 1 0 21 120 20 21 1.04
25 1 0 21 130 21 19 0.95
26 1 0 21 94 16 19 1.04
27 1 0 21 108 18 21 1.04
28 1 0 21 74 13 11 0.95
29 1 0 21 103 17 13 1.04
30 1 0 21 11 2 5 0.95
31 1 0 21 43 7 3 0.95
32 1 0 21 6 1 6 1.04
33 1 0 21 71 12 15 1.04
34 1 0 21 77 13 15 0.95
35 1 0 21 51 9 7 0.95
36 1 0 21 13 2 0 1.04
37 1 0 21 17 3 5 0.95
38 1 0 21 40 7 9 0.95
39 1 0 21 128 21 17 0.95
40 1 0 21 49 8 5 0.95
41 1 0 21 5 1 5 0.95
42 1 0 21 24 4 7 1.04
43 1 0 21 112 19 18 0.95
44 1 0 21 36 6 13 1.04
45 1 0 21 45 8 7 0.95
46 1 0 21 124 0 3 0.95
47 1 0 21 10 2 4 0.95
48 1 0 21 53 9 10 0.95
49 1 0 21 100 17 19 0.95
50 1 0 21 111 19 17 0.95
51 1 0 21 125 0 4 1.04
52 1 0 21 30 5 10 0.95
53 1 0 21 59 10 9 1.04
54 1 0 21 22 4 3 0.95
55 1 0 21 92 16 17 0.95
56 1 0 21 47 8 10 1.04
57 1 0 21 102 17 21 1.04
58 1 0 21 97 16 11 1.04
59 1 0 21 50 9 6 1.04
60 1 0 21 34 6 9 1.04
61 1 0 21 88 15 13 0.95
62 1 0 21 25 4 0 1.04
63 1 0 21 12 2 10 1.04
64 1 0 21 9 2 3 1.04
65 1 0 21 63 11 13 0.95
66 1 0 21 127 21 16 1.04
67 122 0 1 2 1 2 0.95
68 122 0 1 59 10 9 0.95
69 122 0 1 66 11 19 0.95
70 122 0 1 19 3 0 1.04
71 122 0 1 35 6 10 0.95
72 122 0 1 84 14 19 0.95
73 122 0 1 81 14 12 1.04
74 122 0 1 115 19 14 1.04
75 122 0 1 126 0 5 1.04
76 122 0 1 44 8 6 1.04
77 122 0 1 130 21 19 1.04
78 122 0 1 77 13 15 1.04
79 122 0 1 7 1 0 1.04
80 122 0 1 89 15 14 0.95
81 122 0 1 16 3 4 1.04
82 122 0 1 50 9 6 1.04
83 122 0 1 97 16 11 0.95
84 122 0 1 27 5 2 0.95
85 122 0 1 91 15 9 0.95
86 122 0 1 110 19 16 1.04
87 122 0 1 61 10 1 0.95
88 122 0 1 33 6 8 1.04
89 122 0 1 125 0 4 1.04
90 122 0 1 14 3 1 0.95
91 122 0 1 3 1 3 0.95
92 122 0 1 21 4 2 1.04
93 122 0 1 112 19 18 0.95
94 122 0 1 23 4 5 0.95
95 122 0 1 9 2 3 1.04
96 122 0 1 108 18 21 1.04
97 122 0 1 56 10 6 1.04
98 122 0 1 99 17 18 0.95
99 122 0 1 76 13 14 1.04
100 122 0 1 68 12 11 1.04
101 122 0 1 53 9 10 0.95
102 122 0 1 51 9 7 0.95
103 122 0 1 41 7 10 0.95
104 122 0 1 94 16 19 1.04
105 122 0 1 46 8 9 0.95
106 122 0 1 117 20 17 1.04
107 122 0 1 90 15 18 1.04
108 122 0 1 114 19 21 0.95
109 122 0 1 18 3 6 0.95
110 122 0 1 1 0 21 0.95
111 122 0 1 72 12 20 1.04
112 122 0 1 96 16 21 1.04
113 122 0 1 82 14 13 0.95
114 122 0 1 29 5 4 0.95
115 122 0 1 116 20 16 0.95
116 122 0 1 100 17 19 0.95
117 122 0 1 106 18 19 1.04
118 122 0 1 123 0 2 1.04
119 122 0 1 107 18 20 0.95
120 122 0 1 25 4 0 0.95
121 122 0 1 8 2 1 0.95
122 122 0 1 119 20 19 1.04
123 122 0 1 86 15 11 1.04
124 122 0 1 118 20 18 1.04
125 122 0 1 63 11 13 0.95
126 122 0 1 62 11 12 0.95
127 122 0 1 31 5 0 0.95
128 122 0 1 87 15 12 0.95
129 122 0 1 12 2 10 0.95
130 122 0 1 69 12 13 1.04
131 122 0 1 55 9 1 0.95
132 122 0 1 80 14 11 1.04
133 122 0 1 64 11 14 1.04
134 123 0 2 100 17 19 0.95
135 123 0 2 34 6 9 1.04
136 123 0 2 16 3 4 1.04
137 123 0 2 67 11 9 1.04
138 123 0 2 58 10 8 0.95
139 123 0 2 84 14 19 1.04
140 123 0 2 1 0 21 0.95
141 123 0 2 37 6 3 1.04
142 123 0 2 19 3 0 1.04
143 123 0 2 127 21 16 0.95
144 123 0 2 42 7 14 0.95
145 123 0 2 12 2 10 1.04
146 123 0 2 108 18 21 1.04
147 123 0 2 11 2 5 1.04
148 123 0 2 117 20 17 1.04
149 123 0 2 10 2 4 1.04
150 123 0 2 92 16 17 0.95
151 123 0 2 44 8 6 0.95
152 123 0 2 49 8 5 1.04
153 123 0 2 35 6 10 0.95
154 123 0 2 72 12 20 0.95
155 123 0 2 105 18 17 0.95
156 123 0 2 104 18 16 0.95
157 123 0 2 87 15 12 0.95
158 123 0 2 129 21 18 0.95
159 123 0 2 126 0 5 1.04
160 123 0 2 64 11 14 1.04
161 123 0 2 79 13 6 0.95
162 123 0 2 52 9 8 0.95
163 123 0 2 47 8 10 0.95
164 123 0 2 93 16 18 0.95
165 123 0 2 89 15 14 0.95
166 123 0 2 63 11 13 1.04
167 123 0 2 14 3 1 0.95
168 123 0 2 46 8 9 0.95
169 123 0 2 53 9 10 1.04
170 123 0 2 97 16 11 0.95
171 123 0 2 6 1 6 0.95
172 123 0 2 118 20 18 0.95
173 123 0 2 96 16 21 0.95
174 123 0 2 50 9 6 0.95
175 123 0 2 113 19 20 1.04
176 123 0 2 128 21 17 1.04
177 123 0 2 120 20 21 0.95
178 123 0 2 80 14 11 0.95
179 123 0 2 38 7 6 1.04
180 123 0 2 15 3 2 1.04
181 123 0 2 130 21 19 0.95
182 123 0 2 21 4 2 0.95
183 123 0 2 61 10 1 1.04
184 123 0 2 76 13 14 1.04
185 123 0 2 74 13 11 0.95
186 123 0 2 4 1 4 1.04
187 123 0 2 40 7 9 0.95
188 123 0 2 7 1 0 0.95
189 123 0 2 24 4 7 0.95
190 123 0 2 119 20 19 0.95
191 123 0 2 82 14 13 1.04
192 123 0 2 116 20 16 1.04
193 123 0 2 39 7 8 0.95
194 123 0 2 106 18 19 0.95
195 123 0 2 73 12 8 1.04
196 123 0 2 115 19 14 1.04
197 123 0 2 125 0 4 1.04
198 123 0 2 31 5 0 0.95
199 123 0 2 48 8 11 0.95
200 123 0 2 109 18 13 1.04
201 124 0 3 2 1 2 0.95
202 124 0 3 125 0 4 0.95
203 124 0 3 60 10 12 0.95
204 124 0 3 113 19 20 1.04
205 124 0 3 68 12 11 0.95
206 124 0 3 51 9 7 1.04
207 124 0 3 56 10 6 1.04
208 124 0 3 6 1 6 0.95
209 124 0 3 15 3 2 1.04
210 124 0 3 25 4 0 1.04
211 124 0 3 94 16 19 0.95
212 124 0 3 22 4 3 0.95
213 124 0 3 70 12 14 0.95
214 124 0 3 38 7 6 1.04
215 124 0 3 20 4 1 1.04
216 124 0 3 76 13 14 0.95
217 124 0 3 40 7 9 1.04
218 124 0 3 123 0 2 0.95
219 124 0 3 101 17 20 0.95
220 124 0 3 52 9 8 0.95
221 124 0 3 49 8 5 0.95
222 124 0 3 108 18 21 1.04
223 124 0 3 100 17 19 0.95
224 124 0 3 67 11 9 1.04
225 124 0 3 71 12 15 1.04
226 124 0 3 14 3 1 1.04
227 124 0 3 103 17 13 1.04
228 124 0 3 65 11 15 0.95
229 124 0 3 121 20 11 1.04
230 124 0 3 5 1 5 0.95
231 124 0 3 13 2 0 1.04
232 124 0 3 96 16 21 1.04
233 124 0 3 62 11 12 0.95
234 124 0 3 61 10 1 0.95
235 124 0 3 92 16 17 0.95
236 124 0 3 117 20 17 1.04
237 124 0 3 105 18 17 1.04
238 124 0 3 98 17 16 1.04
239 124 0 3 106 18 19 0.95
240 124 0 3 21 4 2 0.95
241 124 0 3 50 9 6 1.04
242 124 0 3 88 15 13 0.95
243 124 0 3 127 21 16 0.95
244 124 0 3 57 10 7 0.95
245 124 0 3 111 19 17 0.95
246 124 0 3 73 12 8 0.95
247 124 0 3 116 20 16 0.95
248 124 0 3 110 19 16 0.95
249 124 0 3 29 5 4 1.04
250 124 0 3 23 4 5 1.04
251 124 0 3 119 20 19 0.95
252 124 0 3 79 13 6 0.95
253 124 0 3 82 14 13 1.04
254 124 0 3 66 11 19 0.95
255 124 0 3 4 1 4 1.04
256 124 0 3 69 12 13 0.95
257 124 0 3 12 2 10 1.04
258 124 0 3 64 11 14 0.95
259 124 0 3 80 14 11 1.04
260 124 0 3 41 7 10 1.04
261 124 0 3 11 2 5 0.95
262 124 0 3 97 16 11 0.95
263 124 0 3 10 2 4 0.95
264 124 0 3 54 9 15 0.95
265 124 0 3 91 15 9 0.95
266 124 0 3 31 5 0 1.04
267 124 0 3 89 15 14 0.95
268 125 0 4 92 16 17 1.04
269 125 0 4 46 8 9 1.04
270 125 0 4 131 21 20 0.95
271 125 0 4 106 18 19 0.95
272 125 0 4 37 6 3 0.95
273 125 0 4 34 6 9 1.04
274 125 0 4 91 15 9 1.04
275 125 0 4 85 14 8 0.95
276 125 0 4 111 19 17 1.04
277 125 0 4 25 4 0 1.04
278 125 0 4 105 18 17 0.95
279 125 0 4 108 18 21 1.04
280 125 0 4 8 2 1 1.04
281 125 0 4 98 17 16 0.95
282 125 0 4 120 20 21 1.04
283 125 0 4 80 14 11 0.95
284 125 0 4 58 10 8 0.95
285 125 0 4 86 15 11 1.04
286 125 0 4 84 14 19 1.04
287 125 0 4 66 11 19 1.04
288 125 0 4 64 11 14 1.04
289 125 0 4 74 13 11 1.04
290 125 0 4 23 4 5 0.95
291 125 0 4 93 16 18 1.04
292 125 0 4 119 20 19 0.95
293 125 0 4 47 8 10 1.04
294 125 0 4 42 7 14 1.04
295 125 0 4 121 20 11 1.04
296 125 0 4 83 14 15 1.04
297 125 0 4 33 6 8 1.04
298 125 0 4 130 21 19 1.04
299 125 0 4 114 19 21 0.95
300 125 0 4 22 4 3 1.04
301 125 0 4 77 13 15 1.04
302 125 0 4 19 3 0 1.04
303 125 0 4 113 19 20 0.95
304 125 0 4 116 20 16 1.04
305 125 0 4 129 21 18 1.04
306 125 0 4 128 21 17 1.04
307 125 0 4 1 0 21 1.04
308 125 0 4 11 2 5 1.04
309 125 0 4 48 8 11 0.95
310 125 0 4 87 15 12 0.95
311 125 0 4 127 21 16 0.95
312 125 0 4 101 17 20 0.95
313 125 0 4 62 11 12 1.04
314 125 0 4 3 1 3 0.95
315 125 0 4 24 4 7 0.95
316 125 0 4 124 0 3 0.95
317 125 0 4 55 9 1 0.95
318 125 0 4 123 0 2 0.95
319 125 0 4 27 5 2 0.95
320 125 0 4 29 5 4 1.04
321 125 0 4 49 8 5 1.04
322 125 0 4 38 7 6 0.95
323 125 0 4 65 11 15 1.04
324 125 0 4 57 10 7 0.95
325 125 0 4 44 8 6 1.04
326 125 0 4 72 12 20 1.04
327 125 0 4 102 17 21 1.04
328 125 0 4 45 8 7 0.95
329 125 0 4 15 3 2 1.04
330 125 0 4 94 16 19 0.95
331 125 0 4 63 11 13 1.04
332 125 0 4 9 2 3 1.04
333 125 0 4 78 13 18 1.04
334 125 0 4 50 9 6 1.04
335 2 1 2 35 6 10 0.91
336 2 1 2 39 7 8 1.1
337 2 1 2 44 8 6 0.9
338 2 1 2 51 9 7 0.9
339 2 1 2 60 10 12 0.9
340 2 1 2 66 11 19 0.92
341 2 1 2 69 12 13 0.91
342 2 1 2 76 13 14 0.93
343 2 1 2 85 14 8 0.9
344 2 1 2 88 15 13 0.92
345 2 1 2 96 16 21 1.18
346 2 1 2 98 17 16 1.1
347 2 1 2 107 18 20 1.12
348 2 1 2 111 19 17 1.12
349 2 1 2 116 20 16 1.13
350 3 1 3 32 6 7 0.9
351 3 1 3 38 7 6 0.94
352 3 1 3 46 8 9 0.91
353 3 1 3 54 9 15 0.92
354 3 1 3 60 10 12 0.9
355 3 1 3 65 11 15 0.93
356 3 1 3 68 12 11 0.91
357 3 1 3 74 13 11 0.9
358 3 1 3 83 14 15 0.92
359 3 1 3 91 15 9 0.92
360 3 1 3 93 16 18 1.16
361 3 1 3 102 17 21 0.9
362 3 1 3 106 18 19 0.93
363 3 1 3 113 19 20 1.14
364 3 1 3 120 20 21 1.15
365 4 1 4 34 6 9 1.14
366 4 1 4 40 7 9 0.9
367 4 1 4 44 8 6 0.91
368 4 1 4 51 9 7 0.94
369 4 1 4 57 10 7 0.94
370 4 1 4 67 11 9 0.93
371 4 1 4 68 12 11 1.18
372 4 1 4 76 13 14 0.93
373 4 1 4 82 14 13 1.17
374 4 1 4 86 15 11 0.9
375 4 1 4 95 16 20 0.9
376 4 1 4 100 17 19 1.13
377 4 1 4 108 18 21 0.93
378 4 1 4 111 19 17 1.19
379 4 1 4 120 20 21 1.14
380 5 1 5 36 6 13 0.94
381 5 1 5 41 7 10 0.91
382 5 1 5 46 8 9 0.9
383 5 1 5 54 9 15 0.92
384 5 1 5 60 10 12 1.1
385 5 1 5 65 11 15 0.93
386 5 1 5 70 12 14 1.11
387 5 1 5 77 13 15 1.14
388 5 1 5 84 14 19 0.94
389 5 1 5 88 15 13 0.93
390 5 1 5 96 16 21 0.91
391 5 1 5 103 17 13 1.1
392 5 1 5 105 18 17 1.11
393 5 1 5 113 19 20 0.91
394 5 1 5 116 20 16 0.91
395 8 2 1 32 6 7 0.92
396 8 2 1 42 7 14 0.91
397 8 2 1 47 8 10 0.9
398 8 2 1 53 9 10 0.9
399 8 2 1 58 10 8 1.18
400 8 2 1 65 11 15 0.91
401 8 2 1 72 12 20 0.93
402 8 2 1 79 13 6 0.94
403 8 2 1 83 14 15 0.92
404 8 2 1 90 15 18 0.93
405 8 2 1 93 16 18 0.9
406 8 2 1 99 17 18 0.94
407 8 2 1 106 18 19 0.91
408 8 2 1 111 19 17 1.14
409 8 2 1 117 20 17 0.93
410 9 2 3 37 6 3 0.9
411 9 2 3 38 7 6 0.92
412 9 2 3 49 8 5 1.17
413 9 2 3 52 9 8 0.91
414 9 2 3 61 10 1 0.9
415 9 2 3 65 11 15 1.14
416 9 2 3 73 12 8 1.17
417 9 2 3 76 13 14 0.91
418 9 2 3 85 14 8 0.94
419 9 2 3 90 15 18 1.1
420 9 2 3 94 16 19 1.19
421 9 2 3 102 17 21 1.11
422 9 2 3 108 18 21 1.13
423 9 2 3 113 19 20 0.91
424 9 2 3 119 20 19 1.12
425 10 2 4 37 6 3 1.18
426 10 2 4 39 7 8 0.91
427 10 2 4 45 8 7 0.9
428 10 2 4 54 9 15 1.15
429 10 2 4 60 10 12 0.94
430 10 2 4 63 11 13 1.11
431 10 2 4 73 12 8 0.93
432 10 2 4 78 13 18 0.9
433 10 2 4 83 14 15 0.93
434 10 2 4 91 15 9 1.18
435 10 2 4 92 16 17 1.12
436 10 2 4 101 17 20 0.93
437 10 2 4 106 18 19 0.9
438 10 2 4 110 19 16 0.92
439 10 2 4 118 20 18 0.92
440 11 2 5 35 6 10 0.94
441 11 2 5 38 7 6 0.92
442 11 2 5 48 8 11 0.93
443 11 2 5 51 9 7 0.93
444 11 2 5 59 10 9 1.1
445 11 2 5 62 11 12 1.16
446 11 2 5 68 12 11 1.15
447 11 2 5 75 13 12 1.13
448 11 2 5 85 14 8 1.19
449 11 2 5 89 15 14 0.94
450 11 2 5 97 16 11 1.19
451 11 2 5 103 17 13 0.92
452 11 2 5 104 18 16 1.18
453 11 2 5 115 19 14 0.9
454 11 2 5 118 20 18 1.13
455 14 3 1 32 6 7 0.91
456 14 3 1 39 7 8 0.92
457 14 3 1 49 8 5 0.9
458 14 3 1 51 9 7 0.93
459 14 3 1 58 10 8 0.93
460 14 3 1 62 11 12 0.93
461 14 3 1 71 12 15 0.91
462 14 3 1 75 13 12 1.17
463 14 3 1 80 14 11 0.9
464 14 3 1 86 15 11 0.94
465 14 3 1 97 16 11 0.92
466 14 3 1 103 17 13 1.15
467 14 3 1 104 18 16 1.15
468 14 3 1 110 19 16 0.92
469 14 3 1 117 20 17 1.1
470 15 3 2 34 6 9 1.19
471 15 3 2 42 7 14 0.93
472 15 3 2 45 8 7 0.94
473 15 3 2 55 9 1 0.92
474 15 3 2 59 10 9 0.9
475 15 3 2 64 11 14 1.11
476 15 3 2 69 12 13 1.14
477 15 3 2 74 13 11 0.94
478 15 3 2 80 14 11 0.94
479 15 3 2 91 15 9 1.17
480 15 3 2 96 16 21 1.18
481 15 3 2 98 17 16 1.11
482 15 3 2 108 18 21 1.16
483 15 3 2 111 19 17 0.92
484 15 3 2 121 20 11 0.93
485 16 3 4 35 6 10 0.94
486 16 3 4 38 7 6 1.14
487 16 3 4 46 8 9 1.18
488 16 3 4 52 9 8 0.93
489 16 3 4 61 10 1 0.94
490 16 3 4 66 11 19 0.94
491 16 3 4 72 12 20 0.93
492 16 3 4 75 13 12 0.91
493 16 3 4 84 14 19 1.12
494 16 3 4 87 15 12 1.14
495 16 3 4 92 16 17 0.94
496 16 3 4 99 17 18 0.93
497 16 3 4 106 18 19 0.91
498 16 3 4 111 19 17 1.15
499 16 3 4 121 20 11 1.12
500 17 3 5 35 6 10 1.1
501 17 3 5 41 7 10 1.11
502 17 3 5 46 8 9 0.93
503 17 3 5 52 9 8 0.93
504 17 3 5 56 10 6 1.12
505 17 3 5 63 11 13 0.9
506 17 3 5 69 12 13 0.92
507 17 3 5 79 13 6 0.93
508 17 3 5 80 14 11 0.94
509 17 3 5 89 15 14 0.9
510 17 3 5 95 16 20 1.16
511 17 3 5 101 17 20 1.14
512 17 3 5 106 18 19 0.93
513 17 3 5 115 19 14 1.19
514 17 3 5 117 20 17 0.93
515 20 4 1 32 6 7 0.94
516 20 4 1 40 7 9 0.9
517 20 4 1 47 8 10 0.9
518 20 4 1 54 9 15 0.94
519 20 4 1 57 10 7 0.9
520 20 4 1 63 11 13 0.93
521 20 4 1 73 12 8 0.94
522 20 4 1 78 13 18 0.9
523 20 4 1 81 14 12 0.93
524 20 4 1 88 15 13 1.19
525 20 4 1 95 16 20 1.13
526 20 4 1 100 17 19 1.14
527 20 4 1 105 18 17 0.94
528 20 4 1 115 19 14 1.1
529 20 4 1 119 20 19 1.13
530 21 4 2 33 6 8 0.9
531 21 4 2 41 7 10 0.94
532 21 4 2 47 8 10 0.94
533 21 4 2 53 9 10 0.93
534 21 4 2 58 10 8 0.9
535 21 4 2 64 11 14 1.16
536 21 4 2 71 12 15 0.93
537 21 4 2 76 13 14 0.9
538 21 4 2 83 14 15 0.9
539 21 4 2 90 15 18 1.17
540 21 4 2 95 16 20 1.17
541 21 4 2 102 17 21 1.11
542 21 4 2 106 18 19 1.11
543 21 4 2 110 19 16 1.13
544 21 4 2 121 20 11 1.1
545 22 4 3 35 6 10 0.9
546 22 4 3 41 7 10 0.92
547 22 4 3 46 8 9 1.19
548 22 4 3 51 9 7 0.92
549 22 4 3 59 10 9 0.9
550 22 4 3 65 11 15 1.15
551 22 4 3 68 12 11 0.92
552 22 4 3 79 13 6 1.1
553 22 4 3 82 14 13 0.94
554 22 4 3 86 15 11 1.18
555 22 4 3 97 16 11 1.18
556 22 4 3 98 17 16 1.13
557 22 4 3 104 18 16 1.12
558 22 4 3 113 19 20 0.93
559 22 4 3 120 20 21 1.11
560 23 4 5 34 6 9 0.91
561 23 4 5 42 7 14 0.94
562 23 4 5 46 8 9 0.94
563 23 4 5 51 9 7 0.9
564 23 4 5 56 10 6 1.18
565 23 4 5 65 11 15 0.93
566 23 4 5 68 12 11 1.14
567 23 4 5 78 13 18 1.14
568 23 4 5 81 14 12 0.94
569 23 4 5 90 15 18 0.93
570 23 4 5 93 16 18 1.17
571 23 4 5 103 17 13 0.94
572 23 4 5 104 18 16 1.15
573 23 4 5 115 19 14 1.15
574 23 4 5 121 20 11 0.93
575 26 5 1 36 6 13 0.92
576 26 5 1 41 7 10 0.94
577 26 5 1 49 8 5 1.1
578 26 5 1 53 9 10 1.11
579 26 5 1 58 10 8 0.9
580 26 5 1 65 11 15 1.16
581 26 5 1 70 12 14 0.93
582 26 5 1 77 13 15 1.12
583 26 5 1 80 14 11 1.19
584 26 5 1 86 15 11 0.9
585 26 5 1 94 16 19 1.1
586 26 5 1 99 17 18 1.15
587 26 5 1 104 18 16 0.91
588 26 5 1 110 19 16 0.9
589 26 5 1 121 20 11 1.18
590 27 5 2 34 6 9 0.94
591 27 5 2 38 7 6 1.11
592 27 5 2 44 8 6 0.94
593 27 5 2 52 9 8 0.93
594 27 5 2 61 10 1 0.92
595 27 5 2 66 11 19 0.92
596 27 5 2 71 12 15 1.1
597 27 5 2 74 13 11 0.9
598 27 5 2 85 14 8 0.91
599 27 5 2 86 15 11 0.9
600 27 5 2 96 16 21 0.93
601 27 5 2 98 17 16 0.9
602 27 5 2 106 18 19 0.9
603 27 5 2 111 19 17 0.91
604 27 5 2 118 20 18 0.9
605 28 5 3 34 6 9 0.93
606 28 5 3 39 7 8 0.94
607 28 5 3 44 8 6 0.93
608 28 5 3 51 9 7 0.91
609 28 5 3 56 10 6 0.91
610 28 5 3 66 11 19 1.14
611 28 5 3 69 12 13 0.91
612 28 5 3 74 13 11 0.91
613 28 5 3 82 14 13 0.91
614 28 5 3 90 15 18 0.9
615 28 5 3 93 16 18 0.94
616 28 5 3 99 17 18 0.92
617 28 5 3 109 18 13 1.18
618 28 5 3 112 19 18 1.12
619 28 5 3 116 20 16 0.94
620 29 5 4 37 6 3 1.15
621 29 5 4 41 7 10 0.94
622 29 5 4 46 8 9 0.94
623 29 5 4 50 9 6 0.94
624 29 5 4 58 10 8 0.92
625 29 5 4 62 11 12 0.93
626 29 5 4 69 12 13 1.12
627 29 5 4 74 13 11 0.93
628 29 5 4 83 14 15 1.1
629 29 5 4 89 15 14 0.91
630 29 5 4 92 16 17 0.9
631 29 5 4 99 17 18 1.13
632 29 5 4 107 18 20 0.9
633 29 5 4 112 19 18 0.94
634 29 5 4 116 20 16 1.16
635 32 6 7 62 11 12 1.18
636 32 6 7 69 12 13 0.93
637 32 6 7 74 13 11 1.17
638 32 6 7 80 14 11 0.93
639 32 6 7 89 15 14 0.93
640 32 6 7 96 16 21 0.91
641 32 6 7 98 17 16 1.14
642 32 6 7 109 18 13 1.18
643 32 6 7 115 19 14 0.94
644 32 6 7 121 20 11 0.92
645 32 6 7 4 1 4 1.18
646 32 6 7 8 2 1 1.16
647 32 6 7 18 3 6 1.19
648 32 6 7 21 4 2 0.91
649 32 6 7 28 5 3 1.17
650 33 6 8 64 11 14 0.91
651 33 6 8 71 12 15 1.16
652 33 6 8 78 13 18 0.93
653 33 6 8 82 14 13 0.92
654 33 6 8 89 15 14 1.11
655 33 6 8 97 16 11 0.93
656 33 6 8 101 17 20 1.14
657 33 6 8 109 18 13 1.17
658 33 6 8 110 19 16 1.14
659 33 6 8 117 20 17 1.1
660 33 6 8 3 1 3 1.11
661 33 6 8 11 2 5 1.14
662 33 6 8 18 3 6 1.14
663 33 6 8 20 4 1 1.17
664 33 6 8 30 5 10 1.13
665 34 6 9 64 11 14 0.9
666 34 6 9 68 12 11 0.92
667 34 6 9 75 13 12 0.94
668 34 6 9 83 14 15 0.9
669 34 6 9 87 15 12 0.91
670 34 6 9 92 16 17 0.92
671 34 6 9 101 17 20 1.14
672 34 6 9 108 18 21 0.9
673 34 6 9 110 19 16 1.13
674 34 6 9 117 20 17 1.18
675 34 6 9 4 1 4 1.17
676 34 6 9 9 2 3 0.91
677 34 6 9 18 3 6 1.17
678 34 6 9 22 4 3 1.13
679 34 6 9 31 5 0 0.9
680 35 6 10 63 11 13 1.17
681 35 6 10 72 12 20 0.93
682 35 6 10 75 13 12 0.9
683 35 6 10 83 14 15 0.93
684 35 6 10 87 15 12 0.93
685 35 6 10 93 16 18 0.93
686 35 6 10 100 17 19 1.12
687 35 6 10 104 18 16 0.9
688 35 6 10 115 19 14 1.11
689 35 6 10 120 20 21 1.13
690 35 6 10 3 1 3 1.14
691 35 6 10 13 2 0 1.14
692 35 6 10 19 3 0 1.15
693 35 6 10 21 4 2 0.94
694 35 6 10 30 5 10 1.15
695 38 7 6 65 11 15 0.91
696 38 7 6 70 12 14 0.9
697 38 7 6 78 13 18 0.9
698 38 7 6 83 14 15 0.9
699 38 7 6 91 15 9 0.91
700 38 7 6 93 16 18 1.11
701 38 7 6 102 17 21 0.91
702 38 7 6 107 18 20 0.92
703 38 7 6 111 19 17 0.9
704 38 7 6 121 20 11 0.9
705 38 7 6 6 1 6 0.92
706 38 7 6 9 2 3 0.94
707 38 7 6 17 3 5 1.18
708 38 7 6 24 4 7 0.92
709 38 7 6 28 5 3 1.16
710 39 7 8 64 11 14 1.1
711 39 7 8 73 12 8 1.17
712 39 7 8 79 13 6 0.91
713 39 7 8 82 14 13 0.9
714 39 7 8 88 15 13 0.94
715 39 7 8 95 16 20 1.12
716 39 7 8 103 17 13 1.17
717 39 7 8 109 18 13 1.16
718 39 7 8 113 19 20 0.92
719 39 7 8 120 20 21 0.93
720 39 7 8 2 1 2 0.9
721 39 7 8 8 2 1 1.13
722 39 7 8 17 3 5 1.18
723 39 7 8 24 4 7 1.19
724 39 7 8 28 5 3 1.1
725 40 7 9 67 11 9 0.93
726 40 7 9 70 12 14 0.94
727 40 7 9 79 13 6 0.9
728 40 7 9 81 14 12 1.15
729 40 7 9 90 15 18 0.91
730 40 7 9 97 16 11 1.19
731 40 7 9 98 17 16 0.93
732 40 7 9 106 18 19 0.9
733 40 7 9 111 19 17 0.94
734 40 7 9 116 20 16 0.93
735 40 7 9 3 1 3 1.18
736 40 7 9 9 2 3 0.9
737 40 7 9 15 3 2 1.12
738 40 7 9 22 4 3 1.16
739 40 7 9 28 5 3 0.93
740 41 7 10 63 11 13 0.9
741 41 7 10 73 12 8 1.1
742 41 7 10 79 13 6 0.9
743 41 7 10 80 14 11 0.91
744 41 7 10 88 15 13 0.92
745 41 7 10 97 16 11 0.91
746 41 7 10 102 17 21 1.18
747 41 7 10 108 18 21 0.9
748 41 7 10 111 19 17 0.91
749 41 7 10 117 20 17 0.93
750 41 7 10 2 1 2 0.94
751 41 7 10 13 2 0 0.94
752 41 7 10 19 3 0 1.17
753 41 7 10 25 4 0 1.11
754 41 7 10 27 5 2 0.92
755 44 8 6 65 11 15 1.15
756 44 8 6 72 12 20 1.17
757 44 8 6 78 13 18 0.91
758 44 8 6 84 14 19 0.92
759 44 8 6 91 15 9 1.13
760 44 8 6 93 16 18 0.94
761 44 8 6 98 17 16 0.91
762 44 8 6 109 18 13 0.92
763 44 8 6 115 19 14 0.94
764 44 8 6 116 20 16 0.91
765 44 8 6 5 1 5 0.92
766 44 8 6 13 2 0 1.17
767 44 8 6 17 3 5 0.93
768 44 8 6 21 4 2 1.15
769 44 8 6 30 5 10 1.16
770 45 8 7 67 11 9 0.92
771 45 8 7 72 12 20 1.17
772 45 8 7 76 13 14 1.18
773 45 8 7 85 14 8 0.91
774 45 8 7 86 15 11 0.9
775 45 8 7 96 16 21 1.16
776 45 8 7 102 17 21 1.16
777 45 8 7 108 18 21 0.92
778 45 8 7 115 19 14 0.93
779 45 8 7 121 20 11 1.18
780 45 8 7 7 1 0 0.94
781 45 8 7 8 2 1 0.91
782 45 8 7 17 3 5 1.13
783 45 8 7 21 4 2 0.94
784 45 8 7 28 5 3 0.91
785 46 8 9 64 11 14 0.93
786 46 8 9 70 12 14 0.93
787 46 8 9 74 13 11 0.92
788 46 8 9 84 14 19 0.94
789 46 8 9 88 15 13 0.92
790 46 8 9 95 16 20 1.11
791 46 8 9 102 17 21 1.17
792 46 8 9 107 18 20 0.9
793 46 8 9 111 19 17 0.91
794 46 8 9 120 20 21 0.9
795 46 8 9 5 1 5 1.15
796 46 8 9 9 2 3 0.9
797 46 8 9 17 3 5 0.94
798 46 8 9 24 4 7 0.94
799 46 8 9 27 5 2 1.12
800 47 8 10 63 11 13 0.94
801 47 8 10 73 12 8 0.94
802 47 8 10 79 13 6 0.92
803 47 8 10 84 14 19 0.92
804 47 8 10 88 15 13 0.94
805 47 8 10 93 16 18 1.17
806 47 8 10 103 17 13 1.18
807 47 8 10 106 18 19 1.19
808 47 8 10 115 19 14 1.17
809 47 8 10 118 20 18 0.93
810 47 8 10 5 1 5 0.94
811 47 8 10 12 2 10 1.17
812 47 8 10 17 3 5 1.1
813 47 8 10 22 4 3 1.12
814 47 8 10 26 5 1 1.18
815 50 9 6 66 11 19 0.93
816 50 9 6 72 12 20 0.9
817 50 9 6 77 13 15 0.94
818 50 9 6 80 14 11 0.93
819 50 9 6 90 15 18 0.92
820 50 9 6 97 16 11 1.17
821 50 9 6 98 17 16 0.92
822 50 9 6 108 18 21 0.92
823 50 9 6 113 19 20 0.9
824 50 9 6 118 20 18 0.9
825 50 9 6 4 1 4 1.14
826 50 9 6 13 2 0 1.17
827 50 9 6 17 3 5 0.94
828 50 9 6 21 4 2 0.93
829 50 9 6 29 5 4 0.94
830 51 9 7 65 11 15 0.93
831 51 9 7 73 12 8 0.94
832 51 9 7 74 13 11 0.93
833 51 9 7 83 14 15 0.9
834 51 9 7 88 15 13 1.19
835 51 9 7 94 16 19 0.93
836 51 9 7 103 17 13 0.91
837 51 9 7 105 18 17 0.9
838 51 9 7 113 19 20 1.11
839 51 9 7 116 20 16 0.92
840 51 9 7 7 1 0 0.94
841 51 9 7 13 2 0 1.13
842 51 9 7 14 3 1 0.91
843 51 9 7 25 4 0 1.17
844 51 9 7 29 5 4 0.92
845 52 9 8 63 11 13 0.94
846 52 9 8 69 12 13 1.11
847 52 9 8 75 13 12 1.11
848 52 9 8 81 14 12 0.9
849 52 9 8 90 15 18 1.17
850 52 9 8 95 16 20 0.92
851 52 9 8 101 17 20 0.91
852 52 9 8 107 18 20 1.1
853 52 9 8 111 19 17 0.91
854 52 9 8 119 20 19 1.11
855 52 9 8 6 1 6 0.94
856 52 9 8 13 2 0 0.9
857 52 9 8 18 3 6 1.1
858 52 9 8 24 4 7 0.92
859 52 9 8 28 5 3 0.92
860 53 9 10 62 11 12 0.92
861 53 9 10 71 12 15 0.9
862 53 9 10 75 13 12 0.92
863 53 9 10 81 14 12 0.9
864 53 9 10 90 15 18 0.92
865 53 9 10 94 16 19 0.9
866 53 9 10 103 17 13 0.9
867 53 9 10 108 18 21 0.94
868 53 9 10 113 19 20 0.91
869 53 9 10 119 20 19 1.14
870 53 9 10 3 1 3 1.15
871 53 9 10 10 2 4 0.92
872 53 9 10 16 3 4 1.15
873 53 9 10 20 4 1 1.16
874 53 9 10 31 5 0 0.92
875 56 10 6 64 11 14 0.94
876 56 10 6 68 12 11 1.13
877 56 10 6 76 13 14 1.18
878 56 10 6 81 14 12 1.1
879 56 10 6 90 15 18 0.94
880 56 10 6 95 16 20 1.14
881 56 10 6 99 17 18 1.11
882 56 10 6 106 18 19 0.93
883 56 10 6 112 19 18 0.91
884 56 10 6 117 20 17 1.1
885 56 10 6 2 1 2 0.92
886 56 10 6 13 2 0 1.13
887 56 10 6 19 3 0 1.18
888 56 10 6 25 4 0 0.92
889 56 10 6 31 5 0 0.91
890 57 10 7 64 11 14 0.91
891 57 10 7 73 12 8 0.91
892 57 10 7 78 13 18 0.91
893 57 10 7 84 14 19 0.91
894 57 10 7 90 15 18 0.91
895 57 10 7 93 16 18 1.1
896 57 10 7 103 17 13 0.92
897 57 10 7 104 18 16 0.9
898 57 10 7 115 19 14 0.92
899 57 10 7 121 20 11 0.91
900 57 10 7 4 1 4 0.92
901 57 10 7 8 2 1 0.91
902 57 10 7 19 3 0 1.14
903 57 10 7 24 4 7 1.17
904 57 10 7 28 5 3 0.93
905 58 10 8 65 11 15 0.91
906 58 10 8 70 12 14 1.15
907 58 10 8 76 13 14 0.92
908 58 10 8 80 14 11 0.91
909 58 10 8 89 15 14 0.93
910 58 10 8 96 16 21 0.94
911 58 10 8 101 17 20 1.13
912 58 10 8 108 18 21 1.16
913 58 10 8 112 19 18 1.12
914 58 10 8 120 20 21 1.15
915 58 10 8 6 1 6 1.12
916 58 10 8 11 2 5 1.18
917 58 10 8 15 3 2 0.94
918 58 10 8 20 4 1 1.18
919 58 10 8 27 5 2 0.94
920 59 10 9 63 11 13 1.17
921 59 10 9 68 12 11 0.91
922 59 10 9 74 13 11 0.92
923 59 10 9 83 14 15 0.94
924 59 10 9 88 15 13 0.93
925 59 10 9 92 16 17 0.9
926 59 10 9 101 17 20 0.94
927 59 10 9 108 18 21 1.14
928 59 10 9 112 19 18 0.9
929 59 10 9 117 20 17 0.94
930 59 10 9 5 1 5 1.19
931 59 10 9 8 2 1 0.94
932 59 10 9 15 3 2 0.93
933 59 10 9 22 4 3 0.91
934 59 10 9 31 5 0 1.12
935 62 11 12 96 16 21 0.9
936 62 11 12 102 17 21 1.12
937 62 11 12 109 18 13 0.9
938 62 11 12 114 19 21 0.93
939 62 11 12 117 20 17 0.91
940 62 11 12 7 1 0 1.12
941 62 11 12 10 2 4 1.15
942 62 11 12 18 3 6 0.9
943 62 11 12 23 4 5 1.17
944 62 11 12 26 5 1 1.19
945 62 11 12 32 6 7 1.12
946 62 11 12 40 7 9 1.16
947 62 11 12 49 8 5 1.1
948 62 11 12 55 9 1 0.93
949 62 11 12 56 10 6 1.11
950 63 11 13 96 16 21 0.9
951 63 11 13 98 17 16 1.14
952 63 11 13 109 18 13 0.93
953 63 11 13 114 19 21 0.92
954 63 11 13 117 20 17 0.9
955 63 11 13 2 1 2 0.91
956 63 11 13 9 2 3 0.93
957 63 11 13 18 3 6 0.9
958 63 11 13 20 4 1 0.94
959 63 11 13 31 5 0 0.94
960 63 11 13 37 6 3 1.17
961 63 11 13 40 7 9 1.12
962 63 11 13 49 8 5 1.17
963 63 11 13 53 9 10 0.92
964 63 11 13 61 10 1 1.19
965 64 11 14 95 16 20 1.19
966 64 11 14 103 17 13 0.92
967 64 11 14 104 18 16 0.94
968 64 11 14 113 19 20 0.92
969 64 11 14 121 20 11 0.92
970 64 11 14 3 1 3 0.9
971 64 11 14 11 2 5 0.9
972 64 11 14 19 3 0 1.18
973 64 11 14 24 4 7 0.92
974 64 11 14 26 5 1 1.19
975 64 11 14 37 6 3 1.13
976 64 11 14 41 7 10 1.13
977 64 11 14 48 8 11 0.91
978 64 11 14 54 9 15 1.16
979 64 11 14 57 10 7 0.91
980 65 11 15 93 16 18 0.93
981 65 11 15 101 17 20 0.93
982 65 11 15 107 18 20 1.17
983 65 11 15 113 19 20 0.91
984 65 11 15 116 20 16 0.94
985 65 11 15 6 1 6 0.94
986 65 11 15 11 2 5 0.9
987 65 11 15 18 3 6 0.92
988 65 11 15 23 4 5 0.9
989 65 11 15 30 5 10 0.92
990 65 11 15 37 6 3 1.19
991 65 11 15 38 7 6 1.1
992 65 11 15 45 8 7 1.15
993 65 11 15 55 9 1 1.13
994 65 11 15 61 10 1 0.91
995 68 12 11 95 16 20 1.19
996 68 12 11 102 17 21 0.91
997 68 12 11 107 18 20 1.15
998 68 12 11 112 19 18 0.93
999 68 12 11 116 20 16 1.12
1000 68 12 11 3 1 3 0.93
1001 68 12 11 11 2 5 1.17
1002 68 12 11 15 3 2 0.91
1003 68 12 11 21 4 2 0.93
1004 68 12 11 29 5 4 0.92
1005 68 12 11 34 6 9 0.91
1006 68 12 11 41 7 10 1.15
1007 68 12 11 46 8 9 0.9
1008 68 12 11 54 9 15 1.18
1009 68 12 11 60 10 12 0.9
1010 69 12 13 96 16 21 0.93
1011 69 12 13 100 17 19 0.93
1012 69 12 13 108 18 21 0.9
1013 69 12 13 112 19 18 1.11
1014 69 12 13 121 20 11 0.94
1015 69 12 13 2 1 2 1.15
1016 69 12 13 8 2 1 1.12
1017 69 12 13 18 3 6 1.1
1018 69 12 13 20 4 1 0.93
1019 69 12 13 27 5 2 0.92
1020 69 12 13 35 6 10 0.9
1021 69 12 13 42 7 14 1.18
1022 69 12 13 47 8 10 1.17
1023 69 12 13 54 9 15 0.9
1024 69 12 13 58 10 8 0.94
1025 70 12 14 97 16 11 1.17
1026 70 12 14 100 17 19 0.93
1027 70 12 14 107 18 20 0.94
1028 70 12 14 113 19 20 1.11
1029 70 12 14 118 20 18 1.12
1030 70 12 14 3 1 3 1.16
1031 70 12 14 12 2 10 1.18
1032 70 12 14 14 3 1 0.94
1033 70 12 14 21 4 2 0.91
1034 70 12 14 29 5 4 0.93
1035 70 12 14 33 6 8 1.1
1036 70 12 14 39 7 8 0.92
1037 70 12 14 48 8 11 0.94
1038 70 12 14 55 9 1 1.18
1039 70 12 14 59 10 9 0.9
1040 71 12 15 97 16 11 1.17
1041 71 12 15 102 17 21 0.94
1042 71 12 15 108 18 21 0.94
1043 71 12 15 112 19 18 0.9
1044 71 12 15 118 20 18 0.91
1045 71 12 15 4 1 4 1.17
1046 71 12 15 8 2 1 0.93
1047 71 12 15 17 3 5 0.94
1048 71 12 15 20 4 1 1.17
1049 71 12 15 29 5 4 0.94
1050 71 12 15 36 6 13 1.15
1051 71 12 15 43 7 3 1.14
1052 71 12 15 49 8 5 0.91
1053 71 12 15 51 9 7 1.1
1054 71 12 15 60 10 12 1.16
1055 74 13 11 92 16 17 0.9
1056 74 13 11 100 17 19 1.13
1057 74 13 11 106 18 19 0.9
1058 74 13 11 113 19 20 1.16
1059 74 13 11 120 20 21 1.14
1060 74 13 11 7 1 0 1.1
1061 74 13 11 12 2 10 1.12
1062 74 13 11 17 3 5 1.15
1063 74 13 11 23 4 5 0.91
1064 74 13 11 30 5 10 1.18
1065 74 13 11 34 6 9 0.92
1066 74 13 11 40 7 9 1.12
1067 74 13 11 46 8 9 1.11
1068 74 13 11 54 9 15 0.94
1069 74 13 11 59 10 9 1.15
1070 75 13 12 95 16 20 0.94
1071 75 13 12 103 17 13 1.19
1072 75 13 12 106 18 19 0.92
1073 75 13 12 113 19 20 0.94
1074 75 13 12 121 20 11 0.92
1075 75 13 12 5 1 5 1.18
1076 75 13 12 11 2 5 0.92
1077 75 13 12 14 3 1 1.19
1078 75 13 12 23 4 5 0.94
1079 75 13 12 28 5 3 1.17
1080 75 13 12 36 6 13 1.19
1081 75 13 12 43 7 3 0.92
1082 75 13 12 44 8 6 1.12
1083 75 13 12 55 9 1 0.9
1084 75 13 12 59 10 9 1.15
1085 76 13 14 92 16 17 0.9
1086 76 13 14 100 17 19 0.9
1087 76 13 14 106 18 19 0.93
1088 76 13 14 112 19 18 0.91
1089 76 13 14 121 20 11 0.91
1090 76 13 14 6 1 6 1.18
1091 76 13 14 9 2 3 1.17
1092 76 13 14 15 3 2 0.93
1093 76 13 14 25 4 0 1.19
1094 76 13 14 31 5 0 0.94
1095 76 13 14 36 6 13 0.92
1096 76 13 14 38 7 6 1.14
1097 76 13 14 44 8 6 1.12
1098 76 13 14 53 9 10 1.18
1099 76 13 14 58 10 8 0.93
1100 77 13 15 93 16 18 0.92
1101 77 13 15 98 17 16 0.94
1102 77 13 15 108 18 21 0.9
1103 77 13 15 110 19 16 0.9
1104 77 13 15 121 20 11 1.17
1105 77 13 15 7 1 0 1.12
1106 77 13 15 12 2 10 0.92
1107 77 13 15 17 3 5 0.94
1108 77 13 15 21 4 2 1.16
1109 77 13 15 29 5 4 1.11
1110 77 13 15 32 6 7 1.19
1111 77 13 15 42 7 14 0.93
1112 77 13 15 48 8 11 1.16
1113 77 13 15 52 9 8 1.13
1114 77 13 15 60 10 12 1.11
1115 80 14 11 93 16 18 0.91
1116 80 14 11 101 17 20 0.92
1117 80 14 11 109 18 13 0.93
1118 80 14 11 114 19 21 0.9
1119 80 14 11 121 20 11 0.93
1120 80 14 11 7 1 0 0.91
1121 80 14 11 8 2 1 0.92
1122 80 14 11 16 3 4 1.16
1123 80 14 11 23 4 5 1.17
1124 80 14 11 27 5 2 1.16
1125 80 14 11 36 6 13 0.93
1126 80 14 11 39 7 8 1.18
1127 80 14 11 45 8 7 0.93
1128 80 14 11 53 9 10 0.94
1129 80 14 11 60 10 12 1.1
1130 81 14 12 94 16 19 1.18
1131 81 14 12 101 17 20 0.94
1132 81 14 12 107 18 20 0.91
1133 81 14 12 115 19 14 0.94
1134 81 14 12 121 20 11 0.94
1135 81 14 12 2 1 2 1.1
1136 81 14 12 12 2 10 1.19
1137 81 14 12 15 3 2 0.92
1138 81 14 12 20 4 1 0.92
1139 81 14 12 28 5 3 0.9
1140 81 14 12 37 6 3 0.9
1141 81 14 12 39 7 8 0.9
1142 81 14 12 48 8 11 0.93
1143 81 14 12 52 9 8 1.12
1144 81 14 12 57 10 7 1.15
1145 82 14 13 97 16 11 1.11
1146 82 14 13 102 17 21 0.91
1147 82 14 13 106 18 19 0.9
1148 82 14 13 113 19 20 0.94
1149 82 14 13 120 20 21 0.9
1150 82 14 13 5 1 5 1.16
1151 82 14 13 8 2 1 0.92
1152 82 14 13 17 3 5 1.17
1153 82 14 13 22 4 3 0.94
1154 82 14 13 27 5 2 0.9
1155 82 14 13 37 6 3 0.93
1156 82 14 13 40 7 9 0.91
1157 82 14 13 49 8 5 1.11
1158 82 14 13 52 9 8 0.91
1159 82 14 13 60 10 12 0.91
1160 83 14 15 92 16 17 0.94
1161 83 14 15 103 17 13 0.9
1162 83 14 15 109 18 13 0.9
1163 83 14 15 113 19 20 0.93
1164 83 14 15 117 20 17 0.91
1165 83 14 15 5 1 5 1.18
1166 83 14 15 11 2 5 1.15
1167 83 14 15 17 3 5 1.18
1168 83 14 15 20 4 1 1.18
1169 83 14 15 28 5 3 0.93
1170 83 14 15 35 6 10 0.9
1171 83 14 15 43 7 3 0.91
1172 83 14 15 48 8 11 1.17
1173 83 14 15 51 9 7 0.92
1174 83 14 15 59 10 9 1.12
1175 86 15 11 97 16 11 0.94
1176 86 15 11 101 17 20 0.91
1177 86 15 11 109 18 13 0.9
1178 86 15 11 112 19 18 0.94
1179 86 15 11 119 20 19 0.93
1180 86 15 11 7 1 0 0.91
1181 86 15 11 8 2 1 0.93
1182 86 15 11 14 3 1 0.93
1183 86 15 11 24 4 7 0.92
1184 86 15 11 28 5 3 1.13
1185 86 15 11 33 6 8 1.19
1186 86 15 11 38 7 6 1.12
1187 86 15 11 47 8 10 1.18
1188 86 15 11 54 9 15 1.12
1189 86 15 11 61 10 1 0.93
1190 87 15 12 94 16 19 0.92
1191 87 15 12 103 17 13 1.12
1192 87 15 12 108 18 21 1.15
1193 87 15 12 111 19 17 0.93
1194 87 15 12 121 20 11 1.18
1195 87 15 12 5 1 5 1.18
1196 87 15 12 9 2 3 0.94
1197 87 15 12 16 3 4 0.9
1198 87 15 12 24 4 7 0.93
1199 87 15 12 30 5 10 0.93
1200 87 15 12 35 6 10 1.12
1201 87 15 12 40 7 9 0.93
1202 87 15 12 46 8 9 1.17
1203 87 15 12 54 9 15 1.15
1204 87 15 12 59 10 9 1.14
1205 88 15 13 96 16 21 0.92
1206 88 15 13 98 17 16 1.13
1207 88 15 13 106 18 19 0.93
1208 88 15 13 110 19 16 0.92
1209 88 15 13 121 20 11 0.91
1210 88 15 13 4 1 4 1.17
1211 88 15 13 12 2 10 0.9
1212 88 15 13 14 3 1 1.13
1213 88 15 13 22 4 3 0.94
1214 88 15 13 29 5 4 1.19
1215 88 15 13 35 6 10 0.91
1216 88 15 13 42 7 14 1.1
1217 88 15 13 49 8 5 0.94
1218 88 15 13 50 9 6 1.12
1219 88 15 13 56 10 6 0.92
1220 89 15 14 95 16 20 0.91
1221 89 15 14 98 17 16 0.94
1222 89 15 14 104 18 16 1.15
1223 89 15 14 111 19 17 1.17
1224 89 15 14 119 20 19 0.94
1225 89 15 14 5 1 5 0.93
1226 89 15 14 8 2 1 0.94
1227 89 15 14 16 3 4 0.93
1228 89 15 14 21 4 2 1.15
1229 89 15 14 28 5 3 1.15
1230 89 15 14 37 6 3 1.18
1231 89 15 14 39 7 8 0.91
1232 89 15 14 49 8 5 1.18
1233 89 15 14 51 9 7 1.18
1234 89 15 14 57 10 7 0.9
1235 92 16 17 6 1 6 0.93
1236 92 16 17 12 2 10 0.92
1237 92 16 17 19 3 0 0.93
1238 92 16 17 22 4 3 1.15
1239 92 16 17 28 5 3 0.9
1240 92 16 17 32 6 7 1.18
1241 92 16 17 40 7 9 0.91
1242 92 16 17 45 8 7 0.91
1243 92 16 17 54 9 15 1.16
1244 92 16 17 58 10 8 0.91
1245 92 16 17 62 11 12 1.19
1246 92 16 17 70 12 14 1.13
1247 92 16 17 77 13 15 0.9
1248 92 16 17 85 14 8 0.94
1249 92 16 17 86 15 11 1.16
1250 93 16 18 6 1 6 1.11
1251 93 16 18 13 2 0 0.92
1252 93 16 18 16 3 4 0.93
1253 93 16 18 24 4 7 0.92
1254 93 16 18 27 5 2 0.93
1255 93 16 18 37 6 3 0.91
1256 93 16 18 41 7 10 0.92
1257 93 16 18 49 8 5 0.9
1258 93 16 18 55 9 1 1.12
1259 93 16 18 58 10 8 0.93
1260 93 16 18 64 11 14 1.13
1261 93 16 18 68 12 11 1.17
1262 93 16 18 75 13 12 0.9
1263 93 16 18 82 14 13 0.93
1264 93 16 18 88 15 13 1.13
1265 94 16 19 2 1 2 1.19
1266 94 16 19 13 2 0 0.91
1267 94 16 19 19 3 0 0.92
1268 94 16 19 24 4 7 0.91
1269 94 16 19 27 5 2 1.1
1270 94 16 19 36 6 13 0.93
1271 94 16 19 41 7 10 1.19
1272 94 16 19 46 8 9 0.91
1273 94 16 19 52 9 8 0.9
1274 94 16 19 60 10 12 0.91
1275 94 16 19 65 11 15 1.18
1276 94 16 19 70 12 14 1.18
1277 94 16 19 77 13 15 1.11
1278 94 16 19 82 14 13 0.91
1279 94 16 19 87 15 12 0.93
1280 95 16 20 6 1 6 0.91
1281 95 16 20 12 2 10 0.94
1282 95 16 20 14 3 1 0.92
1283 95 16 20 20 4 1 0.92
1284 95 16 20 26 5 1 0.92
1285 95 16 20 37 6 3 0.93
1286 95 16 20 38 7 6 1.15
1287 95 16 20 46 8 9 1.11
1288 95 16 20 50 9 6 1.14
1289 95 16 20 56 10 6 0.94
1290 95 16 20 64 11 14 1.11
1291 95 16 20 70 12 14 0.91
1292 95 16 20 76 13 14 0.91
1293 95 16 20 82 14 13 1.12
1294 95 16 20 91 15 9 1.17
1295 98 17 16 2 1 2 0.93
1296 98 17 16 11 2 5 0.91
1297 98 17 16 14 3 1 0.9
1298 98 17 16 25 4 0 0.91
1299 98 17 16 28 5 3 0.9
1300 98 17 16 37 6 3 0.91
1301 98 17 16 41 7 10 1.12
1302 98 17 16 45 8 7 0.91
1303 98 17 16 54 9 15 0.91
1304 98 17 16 59 10 9 1.15
1305 98 17 16 64 11 14 1.19
1306 98 17 16 68 12 11 0.93
1307 98 17 16 77 13 15 1.12
1308 98 17 16 80 14 11 1.14
1309 98 17 16 90 15 18 0.91
1310 99 17 18 6 1 6 0.9
1311 99 17 18 8 2 1 0.9
1312 99 17 18 16 3 4 1.19
1313 99 17 18 22 4 3 0.94
1314 99 17 18 26 5 1 0.91
1315 99 17 18 37 6 3 1.13
1316 99 17 18 41 7 10 0.9
1317 99 17 18 47 8 10 1.15
1318 99 17 18 52 9 8 1.16
1319 99 17 18 59 10 9 1.1
1320 99 17 18 63 11 13 0.91
1321 99 17 18 69 12 13 0.92
1322 99 17 18 79 13 6 0.92
1323 99 17 18 84 14 19 1.16
1324 99 17 18 88 15 13 0.92
1325 100 17 19 7 1 0 0.91
1326 100 17 19 12 2 10 0.91
1327 100 17 19 17 3 5 0.94
1328 100 17 19 24 4 7 0.93
1329 100 17 19 26 5 1 1.13
1330 100 17 19 34 6 9 0.93
1331 100 17 19 42 7 14 0.91
1332 100 17 19 47 8 10 0.93
1333 100 17 19 55 9 1 1.17
1334 100 17 19 59 10 9 0.91
1335 100 17 19 63 11 13 0.9
1336 100 17 19 69 12 13 0.94
1337 100 17 19 79 13 6 1.14
1338 100 17 19 85 14 8 0.94
1339 100 17 19 89 15 14 1.1
1340 101 17 20 3 1 3 0.94
1341 101 17 20 13 2 0 0.9
1342 101 17 20 16 3 4 1.13
1343 101 17 20 24 4 7 0.9
1344 101 17 20 26 5 1 0.9
1345 101 17 20 37 6 3 1.11
1346 101 17 20 39 7 8 0.92
1347 101 17 20 45 8 7 1.16
1348 101 17 20 54 9 15 0.93
1349 101 17 20 61 10 1 0.94
1350 101 17 20 64 11 14 1.17
1351 101 17 20 70 12 14 0.91
1352 101 17 20 79 13 6 1.18
1353 101 17 20 85 14 8 1.1
1354 101 17 20 86 15 11 1.16
1355 104 18 16 7 1 0 0.93
1356 104 18 16 11 2 5 0.93
1357 104 18 16 18 3 6 0.94
1358 104 18 16 20 4 1 1.12
1359 104 18 16 28 5 3 0.92
1360 104 18 16 37 6 3 0.94
1361 104 18 16 39 7 8 1.13
1362 104 18 16 46 8 9 0.93
1363 104 18 16 54 9 15 0.92
1364 104 18 16 60 10 12 0.94
1365 104 18 16 62 11 12 1.16
1366 104 18 16 72 12 20 0.92
1367 104 18 16 79 13 6 1.14
1368 104 18 16 83 14 15 0.92
1369 104 18 16 86 15 11 1.17
1370 105 18 17 5 1 5 1.19
1371 105 18 17 13 2 0 0.9
1372 105 18 17 16 3 4 0.93
1373 105 18 17 21 4 2 0.91
1374 105 18 17 29 5 4 0.94
1375 105 18 17 33 6 8 0.94
1376 105 18 17 41 7 10 0.94
1377 105 18 17 44 8 6 1.11
1378 105 18 17 52 9 8 0.92
1379 105 18 17 58 10 8 0.93
1380 105 18 17 63 11 13 0.93
1381 105 18 17 68 12 11 0.93
1382 105 18 17 75 13 12 1.11
1383 105 18 17 82 14 13 0.92
1384 105 18 17 91 15 9 1.11
1385 106 18 19 3 1 3 1.16
1386 106 18 19 13 2 0 0.9
1387 106 18 19 14 3 1 1.15
1388 106 18 19 25 4 0 0.94
1389 106 18 19 29 5 4 0.93
1390 106 18 19 32 6 7 0.91
1391 106 18 19 43 7 3 0.93
1392 106 18 19 47 8 10 1.18
1393 106 18 19 53 9 10 0.93
1394 106 18 19 58 10 8 1.17
1395 106 18 19 63 11 13 1.15
1396 106 18 19 71 12 15 0.91
1397 106 18 19 74 13 11 1.15
1398 106 18 19 85 14 8 1.15
1399 106 18 19 89 15 14 1.18
1400 107 18 20 6 1 6 0.92
1401 107 18 20 11 2 5 1.16
1402 107 18 20 19 3 0 0.9
1403 107 18 20 24 4 7 0.93
1404 107 18 20 30 5 10 0.94
1405 107 18 20 37 6 3 1.18
1406 107 18 20 43 7 3 0.9
1407 107 18 20 46 8 9 0.93
1408 107 18 20 53 9 10 0.91
1409 107 18 20 61 10 1 0.92
1410 107 18 20 63 11 13 0.91
1411 107 18 20 68 12 11 1.11
1412 107 18 20 79 13 6 1.12
1413 107 18 20 82 14 13 1.1
1414 107 18 20 88 15 13 1.16
1415 110 19 16 5 1 5 1.18
1416 110 19 16 10 2 4 0.94
1417 110 19 16 19 3 0 1.16
1418 110 19 16 25 4 0 1.1
1419 110 19 16 27 5 2 0.9
1420 110 19 16 33 6 8 0.9
1421 110 19 16 40 7 9 0.92
1422 110 19 16 44 8 6 0.9
1423 110 19 16 51 9 7 1.12
1424 110 19 16 58 10 8 0.91
1425 110 19 16 65 11 15 1.14
1426 110 19 16 70 12 14 1.18
1427 110 19 16 77 13 15 1.19
1428 110 19 16 82 14 13 0.9
1429 110 19 16 86 15 11 0.93
1430 111 19 17 2 1 2 0.92
1431 111 19 17 8 2 1 0.92
1432 111 19 17 17 3 5 0.93
1433 111 19 17 23 4 5 1.19
1434 111 19 17 26 5 1 0.9
1435 111 19 17 34 6 9 0.9
1436 111 19 17 43 7 3 0.93
1437 111 19 17 49 8 5 0.94
1438 111 19 17 54 9 15 1.15
1439 111 19 17 60 10 12 0.93
1440 111 19 17 65 11 15 1.16
1441 111 19 17 72 12 20 1.13
1442 111 19 17 79 13 6 0.94
1443 111 19 17 81 14 12 0.93
1444 111 19 17 89 15 14 1.12
1445 112 19 18 3 1 3 1.15
1446 112 19 18 11 2 5 0.9
1447 112 19 18 19 3 0 0.9
1448 112 19 18 24 4 7 0.93
1449 112 19 18 31 5 0 0.93
1450 112 19 18 33 6 8 1.14
1451 112 19 18 39 7 8 1.15
1452 112 19 18 44 8 6 1.11
1453 112 19 18 52 9 8 0.91
1454 112 19 18 58 10 8 1.19
1455 112 19 18 66 11 19 0.94
1456 112 19 18 68 12 11 1.19
1457 112 19 18 75 13 12 1.11
1458 112 19 18 83 14 15 1.11
1459 112 19 18 87 15 12 1.11
1460 113 19 20 7 1 0 0.93
1461 113 19 20 12 2 10 0.9
1462 113 19 20 15 3 2 0.93
1463 113 19 20 20 4 1 0.93
1464 113 19 20 26 5 1 0.94
1465 113 19 20 37 6 3 0.93
1466 113 19 20 42 7 14 0.92
1467 113 19 20 49 8 5 1.14
1468 113 19 20 52 9 8 1.12
1469 113 19 20 59 10 9 0.92
1470 113 19 20 64 11 14 0.9
1471 113 19 20 71 12 15 1.19
1472 113 19 20 77 13 15 0.91
1473 113 19 20 82 14 13 0.93
1474 113 19 20 90 15 18 0.93
1475 116 20 16 6 1 6 0.92
1476 116 20 16 10 2 4 0.94
1477 116 20 16 18 3 6 0.92
1478 116 20 16 20 4 1 0.94
1479 116 20 16 31 5 0 1.17
1480 116 20 16 35 6 10 0.94
1481 116 20 16 43 7 3 1.16
1482 116 20 16 46 8 9 1.18
1483 116 20 16 51 9 7 1.13
1484 116 20 16 60 10 12 1.11
1485 116 20 16 66 11 19 0.91
1486 116 20 16 69 12 13 0.92
1487 116 20 16 76 13 14 0.9
1488 116 20 16 85 14 8 1.19
1489 116 20 16 89 15 14 0.94
1490 117 20 17 6 1 6 0.9
1491 117 20 17 12 2 10 1.14
1492 117 20 17 14 3 1 0.94
1493 117 20 17 24 4 7 1.16
1494 117 20 17 28 5 3 0.9
1495 117 20 17 36 6 13 0.94
1496 117 20 17 38 7 6 0.9
1497 117 20 17 44 8 6 1.1
1498 117 20 17 51 9 7 0.91
1499 117 20 17 58 10 8 0.93
1500 117 20 17 65 11 15 0.93
1501 117 20 17 69 12 13 1.17
1502 117 20 17 78 13 18 1.15
1503 117 20 17 82 14 13 0.94
1504 117 20 17 87 15 12 1.14
1505 118 20 18 5 1 5 0.91
1506 118 20 18 13 2 0 0.93
1507 118 20 18 19 3 0 0.92
1508 118 20 18 24 4 7 0.9
1509 118 20 18 30 5 10 0.91
1510 118 20 18 33 6 8 0.91
1511 118 20 18 40 7 9 1.12
1512 118 20 18 49 8 5 0.9
1513 118 20 18 55 9 1 0.9
1514 118 20 18 61 10 1 1.17
1515 118 20 18 63 11 13 0.92
1516 118 20 18 68 12 11 1.13
1517 118 20 18 76 13 14 1.13
1518 118 20 18 85 14 8 1.19
1519 118 20 18 89 15 14 1.12
1520 119 20 19 7 1 0 0.94
1521 119 20 19 12 2 10 0.93
1522 119 20 19 16 3 4 0.92
1523 119 20 19 22 4 3 0.93
1524 119 20 19 26 5 1 0.93
1525 119 20 19 36 6 13 0.94
1526 119 20 19 42 7 14 1.16
1527 119 20 19 48 8 11 0.9
1528 119 20 19 52 9 8 0.9
1529 119 20 19 60 10 12 0.94
1530 119 20 19 66 11 19 1.14
1531 119 20 19 69 12 13 1.11
1532 119 20 19 79 13 6 1.16
1533 119 20 19 81 14 12 1.1
1534 119 20 19 88 15 13 1.17
1535 7 1 0 35 6 10 1.16
1536 7 1 0 39 7 8 0.91
1537 7 1 0 46 8 9 0.92
1538 7 1 0 51 9 7 0.92
1539 7 1 0 59 10 9 0.91
1540 7 1 0 65 11 15 0.91
1541 7 1 0 68 12 11 1.16
1542 7 1 0 76 13 14 0.92
1543 7 1 0 80 14 11 0.9
1544 7 1 0 89 15 14 0.91
1545 7 1 0 96 16 21 0.93
1546 7 1 0 102 17 21 1.11
1547 7 1 0 108 18 21 0.94
1548 7 1 0 112 19 18 1.12
1549 7 1 0 117 20 17 1.11
1550 6 1 6 35 6 10 0.93
1551 6 1 6 38 7 6 0.92
1552 6 1 6 49 8 5 0.93
1553 6 1 6 54 9 15 0.9
1554 6 1 6 58 10 8 0.91
1555 6 1 6 63 11 13 1.1
1556 6 1 6 68 12 11 1.16
1557 6 1 6 75 13 12 1.18
1558 6 1 6 80 14 11 1.12
1559 6 1 6 88 15 13 0.92
1560 6 1 6 96 16 21 0.93
1561 6 1 6 102 17 21 1.16
1562 6 1 6 105 18 17 0.93
1563 6 1 6 112 19 18 0.92
1564 6 1 6 120 20 21 1.18
1565 13 2 0 36 6 13 0.9
1566 13 2 0 41 7 10 0.91
1567 13 2 0 44 8 6 0.93
1568 13 2 0 52 9 8 0.92
1569 13 2 0 57 10 7 0.9
1570 13 2 0 63 11 13 0.91
1571 13 2 0 71 12 15 0.9
1572 13 2 0 76 13 14 0.92
1573 13 2 0 80 14 11 0.93
1574 13 2 0 91 15 9 1.1
1575 13 2 0 97 16 11 0.93
1576 13 2 0 98 17 16 1.12
1577 13 2 0 104 18 16 0.93
1578 13 2 0 114 19 21 0.92
1579 13 2 0 117 20 17 0.91
1580 12 2 10 37 6 3 0.9
1581 12 2 10 41 7 10 0.94
1582 12 2 10 44 8 6 0.93
1583 12 2 10 53 9 10 0.92
1584 12 2 10 58 10 8 0.94
1585 12 2 10 64 11 14 0.92
1586 12 2 10 68 12 11 1.11
1587 12 2 10 75 13 12 0.92
1588 12 2 10 83 14 15 1.18
1589 12 2 10 86 15 11 0.93
1590 12 2 10 92 16 17 1.18
1591 12 2 10 102 17 21 1.19
1592 12 2 10 104 18 16 1.11
1593 12 2 10 114 19 21 0.9
1594 12 2 10 121 20 11 0.92
1595 19 3 0 36 6 13 0.92
1596 19 3 0 38 7 6 0.91
1597 19 3 0 44 8 6 1.18
1598 19 3 0 50 9 6 1.1
1599 19 3 0 58 10 8 0.92
1600 19 3 0 67 11 9 1.1
1601 19 3 0 68 12 11 1.14
1602 19 3 0 77 13 15 0.91
1603 19 3 0 84 14 19 0.94
1604 19 3 0 88 15 13 0.92
1605 19 3 0 97 16 11 1.17
1606 19 3 0 100 17 19 1.12
1607 19 3 0 104 18 16 1.16
1608 19 3 0 112 19 18 1.15
1609 19 3 0 117 20 17 0.93
1610 18 3 6 33 6 8 1.12
1611 18 3 6 43 7 3 0.92
1612 18 3 6 46 8 9 0.91
1613 18 3 6 51 9 7 0.94
1614 18 3 6 61 10 1 0.93
1615 18 3 6 67 11 9 1.1
1616 18 3 6 69 12 13 1.19
1617 18 3 6 78 13 18 0.91
1618 18 3 6 81 14 12 0.93
1619 18 3 6 89 15 14 1.19
1620 18 3 6 94 16 19 1.17
1621 18 3 6 100 17 19 1.13
1622 18 3 6 105 18 17 1.13
1623 18 3 6 112 19 18 1.14
1624 18 3 6 120 20 21 0.91
1625 25 4 0 34 6 9 0.9
1626 25 4 0 41 7 10 0.92
1627 25 4 0 45 8 7 0.93
1628 25 4 0 55 9 1 0.94
1629 25 4 0 56 10 6 0.91
1630 25 4 0 66 11 19 0.9
1631 25 4 0 73 12 8 0.93
1632 25 4 0 74 13 11 1.13
1633 25 4 0 83 14 15 0.94
1634 25 4 0 88 15 13 1.12
1635 25 4 0 96 16 21 0.91
1636 25 4 0 103 17 13 1.11
1637 25 4 0 104 18 16 1.11
1638 25 4 0 114 19 21 1.17
1639 25 4 0 121 20 11 1.18
1640 24 4 7 37 6 3 0.92
1641 24 4 7 41 7 10 0.9
1642 24 4 7 44 8 6 0.94
1643 24 4 7 53 9 10 0.91
1644 24 4 7 60 10 12 0.91
1645 24 4 7 66 11 19 0.9
1646 24 4 7 73 12 8 0.93
1647 24 4 7 75 13 12 0.93
1648 24 4 7 84 14 19 1.1
1649 24 4 7 91 15 9 1.11
1650 24 4 7 93 16 18 0.92
1651 24 4 7 103 17 13 1.14
1652 24 4 7 104 18 16 0.94
1653 24 4 7 110 19 16 0.9
1654 24 4 7 118 20 18 1.15
1655 31 5 0 34 6 9 0.92
1656 31 5 0 41 7 10 0.9
1657 31 5 0 46 8 9 0.94
1658 31 5 0 51 9 7 0.91
1659 31 5 0 59 10 9 0.94
1660 31 5 0 66 11 19 1.19
1661 31 5 0 73 12 8 0.91
1662 31 5 0 77 13 15 0.92
1663 31 5 0 83 14 15 1.18
1664 31 5 0 90 15 18 1.1
1665 31 5 0 93 16 18 0.94
1666 31 5 0 103 17 13 1.12
1667 31 5 0 105 18 17 1.13
1668 31 5 0 114 19 21 1.18
1669 31 5 0 116 20 16 1.19
1670 30 5 10 32 6 7 0.93
1671 30 5 10 43 7 3 0.91
1672 30 5 10 49 8 5 1.14
1673 30 5 10 51 9 7 0.9
1674 30 5 10 58 10 8 0.9
1675 30 5 10 62 11 12 1.11
1676 30 5 10 72 12 20 1.16
1677 30 5 10 77 13 15 0.92
1678 30 5 10 84 14 19 0.91
1679 30 5 10 90 15 18 0.92
1680 30 5 10 96 16 21 1.13
1681 30 5 10 103 17 13 1.17
1682 30 5 10 105 18 17 1.14
1683 30 5 10 115 19 14 1.13
1684 30 5 10 118 20 18 0.92
1685 37 6 3 66 11 19 1.16
1686 37 6 3 72 12 20 0.9
1687 37 6 3 79 13 6 0.91
1688 37 6 3 84 14 19 0.9
1689 37 6 3 86 15 11 0.94
1690 37 6 3 94 16 19 0.92
1691 37 6 3 103 17 13 1.17
1692 37 6 3 107 18 20 0.91
1693 37 6 3 111 19 17 1.15
1694 37 6 3 119 20 19 1.11
1695 37 6 3 3 1 3 0.91
1696 37 6 3 9 2 3 0.91
1697 37 6 3 17 3 5 1.17
1698 37 6 3 23 4 5 1.16
1699 37 6 3 26 5 1 1.16
1700 36 6 13 67 11 9 1.17
1701 36 6 13 71 12 15 0.91
1702 36 6 13 79 13 6 0.92
1703 36 6 13 85 14 8 0.92
1704 36 6 13 91 15 9 0.92
1705 36 6 13 92 16 17 1.1
1706 36 6 13 101 17 20 1.19
1707 36 6 13 109 18 13 0.94
1708 36 6 13 112 19 18 0.91
1709 36 6 13 117 20 17 1.17
1710 36 6 13 5 1 5 0.92
1711 36 6 13 12 2 10 0.91
1712 36 6 13 15 3 2 1.19
1713 36 6 13 25 4 0 0.93
1714 36 6 13 29 5 4 1.16
1715 43 7 3 63 11 13 0.9
1716 43 7 3 70 12 14 0.94
1717 43 7 3 75 13 12 0.91
1718 43 7 3 81 14 12 1.15
1719 43 7 3 88 15 13 0.93
1720 43 7 3 94 16 19 0.91
1721 43 7 3 103 17 13 0.93
1722 43 7 3 106 18 19 0.92
1723 43 7 3 113 19 20 1.19
1724 43 7 3 117 20 17 1.19
1725 43 7 3 6 1 6 1.1
1726 43 7 3 9 2 3 1.17
1727 43 7 3 18 3 6 0.9
1728 43 7 3 23 4 5 0.92
1729 43 7 3 27 5 2 1.14
1730 42 7 14 67 11 9 0.93
1731 42 7 14 68 12 11 0.93
1732 42 7 14 74 13 11 0.94
1733 42 7 14 85 14 8 0.91
1734 42 7 14 91 15 9 1.14
1735 42 7 14 93 16 18 1.18
1736 42 7 14 101 17 20 1.12
1737 42 7 14 109 18 13 0.94
1738 42 7 14 112 19 18 1.1
1739 42 7 14 117 20 17 0.93
1740 42 7 14 3 1 3 1.18
1741 42 7 14 8 2 1 1.13
1742 42 7 14 15 3 2 0.91
1743 42 7 14 24 4 7 1.13
1744 42 7 14 31 5 0 0.93
1745 49 8 5 63 11 13 0.92
1746 49 8 5 69 12 13 0.93
1747 49 8 5 75 13 12 1.19
1748 49 8 5 85 14 8 0.94
1749 49 8 5 90 15 18 0.93
1750 49 8 5 93 16 18 0.94
1751 49 8 5 100 17 19 0.91
1752 49 8 5 104 18 16 1.16
1753 49 8 5 111 19 17 1.11
1754 49 8 5 121 20 11 1.15
1755 49 8 5 7 1 0 1.16
1756 49 8 5 9 2 3 1.1
1757 49 8 5 16 3 4 0.94
1758 49 8 5 25 4 0 1.14
1759 49 8 5 31 5 0 1.15
1760 48 8 11 67 11 9 0.92
1761 48 8 11 69 12 13 1.15
1762 48 8 11 77 13 15 0.92
1763 48 8 11 81 14 12 0.94
1764 48 8 11 91 15 9 0.92
1765 48 8 11 93 16 18 0.91
1766 48 8 11 99 17 18 0.91
1767 48 8 11 107 18 20 1.13
1768 48 8 11 111 19 17 0.91
1769 48 8 11 117 20 17 1.15
1770 48 8 11 4 1 4 0.92
1771 48 8 11 13 2 0 1.1
1772 48 8 11 17 3 5 0.92
1773 48 8 11 24 4 7 1.18
1774 48 8 11 26 5 1 1.15
1775 55 9 1 67 11 9 0.93
1776 55 9 1 71 12 15 0.92
1777 55 9 1 78 13 18 0.93
1778 55 9 1 85 14 8 0.94
1779 55 9 1 91 15 9 1.18
1780 55 9 1 92 16 17 1.15
1781 55 9 1 100 17 19 0.9
1782 55 9 1 107 18 20 1.19
1783 55 9 1 113 19 20 1.14
1784 55 9 1 117 20 17 1.15
1785 55 9 1 6 1 6 1.12
1786 55 9 1 8 2 1 0.94
1787 55 9 1 19 3 0 0.93
1788 55 9 1 21 4 2 1.14
1789 55 9 1 30 5 10 1.17
1790 54 9 15 65 11 15 0.91
1791 54 9 15 69 12 13 0.93
1792 54 9 15 75 13 12 0.92
1793 54 9 15 80 14 11 0.91
1794 54 9 15 91 15 9 1.16
1795 54 9 15 95 16 20 0.93
1796 54 9 15 100 17 19 0.92
1797 54 9 15 108 18 21 1.14
1798 54 9 15 115 19 14 0.92
1799 54 9 15 117 20 17 0.93
1800 54 9 15 4 1 4 0.92
1801 54 9 15 10 2 4 1.14
1802 54 9 15 19 3 0 1.17
1803 54 9 15 20 4 1 0.92
1804 54 9 15 27 5 2 0.9
1805 61 10 1 67 11 9 0.91
1806 61 10 1 73 12 8 0.94
1807 61 10 1 78 13 18 0.92
1808 61 10 1 85 14 8 0.93
1809 61 10 1 88 15 13 1.16
1810 61 10 1 96 16 21 0.9
1811 61 10 1 103 17 13 0.9
1812 61 10 1 107 18 20 1.19
1813 61 10 1 114 19 21 1.15
1814 61 10 1 117 20 17 1.17
1815 61 10 1 3 1 3 1.15
1816 61 10 1 12 2 10 0.93
1817 61 10 1 14 3 1 0.92
1818 61 10 1 25 4 0 1.12
1819 61 10 1 31 5 0 1.16
1820 60 10 12 63 11 13 0.94
1821 60 10 12 72 12 20 0.92
1822 60 10 12 75 13 12 0.91
1823 60 10 12 81 14 12 0.93
1824 60 10 12 91 15 9 0.94
1825 60 10 12 93 16 18 0.93
1826 60 10 12 102 17 21 0.91
1827 60 10 12 106 18 19 1.16
1828 60 10 12 111 19 17 1.15
1829 60 10 12 119 20 19 0.94
1830 60 10 12 6 1 6 0.92
1831 60 10 12 8 2 1 0.9
1832 60 10 12 16 3 4 1.17
1833 60 10 12 24 4 7 1.12
1834 60 10 12 29 5 4 0.92
1835 67 11 9 95 16 20 0.93
1836 67 11 9 98 17 16 0.9
1837 67 11 9 109 18 13 0.94
1838 67 11 9 115 19 14 0.92
1839 67 11 9 121 20 11 0.9
1840 67 11 9 2 1 2 1.18
1841 67 11 9 12 2 10 0.93
1842 67 11 9 14 3 1 0.91
1843 67 11 9 24 4 7 0.9
1844 67 11 9 27 5 2 0.92
1845 67 11 9 33 6 8 0.92
1846 67 11 9 42 7 14 0.93
1847 67 11 9 49 8 5 1.13
1848 67 11 9 50 9 6 1.16
1849 67 11 9 59 10 9 1.13
1850 66 11 19 93 16 18 1.18
1851 66 11 19 98 17 16 0.9
1852 66 11 19 106 18 19 0.92
1853 66 11 19 111 19 17 0.91
1854 66 11 19 116 20 16 0.92
1855 66 11 19 6 1 6 1.16
1856 66 11 19 9 2 3 0.91
1857 66 11 19 15 3 2 0.9
1858 66 11 19 21 4 2 0.94
1859 66 11 19 30 5 10 1.13
1860 66 11 19 33 6 8 0.93
1861 66 11 19 41 7 10 1.13
1862 66 11 19 47 8 10 0.93
1863 66 11 19 50 9 6 1.17
1864 66 11 19 60 10 12 1.13
1865 73 12 8 92 16 17 0.9
1866 73 12 8 100 17 19 0.93
1867 73 12 8 106 18 19 0.91
1868 73 12 8 112 19 18 0.93
1869 73 12 8 119 20 19 0.91
1870 73 12 8 6 1 6 1.18
1871 73 12 8 10 2 4 0.94
1872 73 12 8 19 3 0 1.12
1873 73 12 8 20 4 1 0.93
1874 73 12 8 26 5 1 0.93
1875 73 12 8 35 6 10 1.13
1876 73 12 8 40 7 9 0.93
1877 73 12 8 44 8 6 0.92
1878 73 12 8 55 9 1 1.17
1879 73 12 8 60 10 12 0.93
1880 72 12 20 94 16 19 0.91
1881 72 12 20 98 17 16 0.9
1882 72 12 20 104 18 16 0.94
1883 72 12 20 114 19 21 0.9
1884 72 12 20 116 20 16 0.91
1885 72 12 20 2 1 2 0.94
1886 72 12 20 9 2 3 0.94
1887 72 12 20 18 3 6 1.16
1888 72 12 20 20 4 1 0.93
1889 72 12 20 28 5 3 0.94
1890 72 12 20 34 6 9 0.93
1891 72 12 20 38 7 6 0.9
1892 72 12 20 49 8 5 1.1
1893 72 12 20 54 9 15 1.16
1894 72 12 20 56 10 6 1.18
1895 79 13 6 96 16 21 0.9
1896 79 13 6 103 17 13 0.9
1897 79 13 6 108 18 21 0.92
1898 79 13 6 111 19 17 0.91
1899 79 13 6 119 20 19 0.91
1900 79 13 6 3 1 3 0.94
1901 79 13 6 8 2 1 1.12
1902 79 13 6 14 3 1 1.17
1903 79 13 6 25 4 0 0.9
1904 79 13 6 29 5 4 1.15
1905 79 13 6 35 6 10 1.11
1906 79 13 6 43 7 3 0.94
1907 79 13 6 44 8 6 1.1
1908 79 13 6 51 9 7 0.94
1909 79 13 6 60 10 12 0.92
1910 78 13 18 96 16 21 1.17
1911 78 13 18 102 17 21 1.19
1912 78 13 18 109 18 13 0.9
1913 78 13 18 113 19 20 0.9
1914 78 13 18 121 20 11 0.92
1915 78 13 18 3 1 3 1.11
1916 78 13 18 11 2 5 0.91
1917 78 13 18 14 3 1 0.92
1918 78 13 18 23 4 5 1.16
1919 78 13 18 29 5 4 0.9
1920 78 13 18 34 6 9 0.91
1921 78 13 18 43 7 3 0.92
1922 78 13 18 48 8 11 1.19
1923 78 13 18 52 9 8 0.93
1924 78 13 18 59 10 9 1.19
1925 85 14 8 95 16 20 1.17
1926 85 14 8 103 17 13 1.11
1927 85 14 8 104 18 16 0.92
1928 85 14 8 114 19 21 1.13
1929 85 14 8 117 20 17 0.91
1930 85 14 8 7 1 0 0.93
1931 85 14 8 8 2 1 1.14
1932 85 14 8 15 3 2 0.92
1933 85 14 8 25 4 0 0.93
1934 85 14 8 29 5 4 1.11
1935 85 14 8 37 6 3 1.19
1936 85 14 8 39 7 8 1.16
1937 85 14 8 47 8 10 1.18
1938 85 14 8 52 9 8 1.16
1939 85 14 8 57 10 7 1.17
1940 84 14 19 93 16 18 0.92
1941 84 14 19 100 17 19 1.14
1942 84 14 19 106 18 19 0.91
1943 84 14 19 111 19 17 0.94
1944 84 14 19 119 20 19 0.93
1945 84 14 19 4 1 4 1.13
1946 84 14 19 9 2 3 1.11
1947 84 14 19 16 3 4 0.92
1948 84 14 19 21 4 2 1.1
1949 84 14 19 27 5 2 0.92
1950 84 14 19 35 6 10 1.12
1951 84 14 19 42 7 14 0.9
1952 84 14 19 48 8 11 1.11
1953 84 14 19 51 9 7 1.17
1954 84 14 19 59 10 9 1.1
1955 91 15 9 95 16 20 0.94
1956 91 15 9 100 17 19 0.9
1957 91 15 9 106 18 19 0.9
1958 91 15 9 113 19 20 0.92
1959 91 15 9 120 20 21 1.17
1960 91 15 9 3 1 3 0.9
1961 91 15 9 12 2 10 0.91
1962 91 15 9 18 3 6 0.92
1963 91 15 9 24 4 7 0.94
1964 91 15 9 29 5 4 0.9
1965 91 15 9 33 6 8 0.93
1966 91 15 9 40 7 9 0.9
1967 91 15 9 49 8 5 1.17
1968 91 15 9 50 9 6 1.12
1969 91 15 9 61 10 1 0.92
1970 90 15 18 95 16 20 0.94
1971 90 15 18 103 17 13 1.18
1972 90 15 18 107 18 20 1.1
1973 90 15 18 111 19 17 0.91
1974 90 15 18 117 20 17 1.1
1975 90 15 18 7 1 0 1.13
1976 90 15 18 13 2 0 0.91
1977 90 15 18 18 3 6 0.93
1978 90 15 18 24 4 7 0.94
1979 90 15 18 30 5 10 1.1
1980 90 15 18 32 6 7 1.1
1981 90 15 18 40 7 9 1.17
1982 90 15 18 45 8 7 0.92
1983 90 15 18 50 9 6 0.91
1984 90 15 18 58 10 8 0.9
1985 97 16 11 2 1 2 0.94
1986 97 16 11 8 2 1 0.91
1987 97 16 11 18 3 6 0.92
1988 97 16 11 25 4 0 0.93
1989 97 16 11 29 5 4 0.91
1990 97 16 11 32 6 7 1.11
1991 97 16 11 38 7 6 1.14
1992 97 16 11 44 8 6 0.94
1993 97 16 11 53 9 10 0.94
1994 97 16 11 58 10 8 0.92
1995 97 16 11 63 11 13 0.92
1996 97 16 11 72 12 20 0.94
1997 97 16 11 78 13 18 0.93
1998 97 16 11 84 14 19 1.11
1999 97 16 11 86 15 11 0.92
2000 96 16 21 5 1 5 0.9
2001 96 16 21 12 2 10 0.93
2002 96 16 21 16 3 4 0.94
2003 96 16 21 24 4 7 1.18
2004 96 16 21 30 5 10 0.91
2005 96 16 21 34 6 9 1.17
2006 96 16 21 43 7 3 0.93
2007 96 16 21 49 8 5 1.14
2008 96 16 21 51 9 7 0.93
2009 96 16 21 56 10 6 1.18
2010 96 16 21 65 11 15 1.17
2011 96 16 21 72 12 20 0.92
2012 96 16 21 78 13 18 0.93
2013 96 16 21 81 14 12 0.91
2014 96 16 21 88 15 13 1.14
2015 103 17 13 4 1 4 0.93
2016 103 17 13 12 2 10 0.92
2017 103 17 13 19 3 0 0.92
2018 103 17 13 24 4 7 0.92
2019 103 17 13 26 5 1 0.9
2020 103 17 13 33 6 8 0.94
2021 103 17 13 43 7 3 1.13
2022 103 17 13 46 8 9 0.94
2023 103 17 13 52 9 8 1.15
2024 103 17 13 56 10 6 0.9
2025 103 17 13 64 11 14 1.19
2026 103 17 13 73 12 8 0.94
2027 103 17 13 77 13 15 1.1
2028 103 17 13 83 14 15 1.1
2029 103 17 13 91 15 9 1.17
2030 102 17 21 2 1 2 0.9
2031 102 17 21 8 2 1 0.93
2032 102 17 21 15 3 2 0.93
2033 102 17 21 22 4 3 0.92
2034 102 17 21 30 5 10 0.9
2035 102 17 21 37 6 3 0.94
2036 102 17 21 39 7 8 0.9
2037 102 17 21 47 8 10 0.9
2038 102 17 21 52 9 8 1.13
2039 102 17 21 59 10 9 0.91
2040 102 17 21 67 11 9 1.17
2041 102 17 21 68 12 11 0.92
2042 102 17 21 76 13 14 1.12
2043 102 17 21 85 14 8 0.91
2044 102 17 21 89 15 14 1.14
2045 109 18 13 5 1 5 1.11
2046 109 18 13 13 2 0 1.1
2047 109 18 13 15 3 2 0.9
2048 109 18 13 24 4 7 0.92
2049 109 18 13 29 5 4 0.93
2050 109 18 13 36 6 13 0.93
2051 109 18 13 41 7 10 0.91
2052 109 18 13 45 8 7 0.92
2053 109 18 13 50 9 6 1.19
2054 109 18 13 60 10 12 0.94
2055 109 18 13 64 11 14 1.18
2056 109 18 13 73 12 8 1.15
2057 109 18 13 77 13 15 1.12
2058 109 18 13 85 14 8 0.9
2059 109 18 13 86 15 11 0.9
2060 108 18 21 7 1 0 0.91
2061 108 18 21 11 2 5 0.9
2062 108 18 21 14 3 1 0.93
2063 108 18 21 23 4 5 0.92
2064 108 18 21 28 5 3 1.12
2065 108 18 21 32 6 7 1.12
2066 108 18 21 43 7 3 1.17
2067 108 18 21 48 8 11 0.91
2068 108 18 21 53 9 10 0.92
2069 108 18 21 61 10 1 0.93
2070 108 18 21 66 11 19 1.13
2071 108 18 21 69 12 13 1.15
2072 108 18 21 75 13 12 1.16
2073 108 18 21 84 14 19 0.91
2074 108 18 21 89 15 14 1.15
2075 115 19 14 5 1 5 1.12
2076 115 19 14 9 2 3 0.92
2077 115 19 14 16 3 4 0.9
2078 115 19 14 22 4 3 0.94
2079 115 19 14 29 5 4 0.93
2080 115 19 14 34 6 9 0.92
2081 115 19 14 41 7 10 0.93
2082 115 19 14 45 8 7 0.91
2083 115 19 14 50 9 6 0.93
2084 115 19 14 58 10 8 0.94
2085 115 19 14 65 11 15 0.94
2086 115 19 14 68 12 11 1.17
2087 115 19 14 78 13 18 0.91
2088 115 19 14 85 14 8 1.12
2089 115 19 14 89 15 14 1.12
2090 114 19 21 6 1 6 0.9
2091 114 19 21 8 2 1 0.93
2092 114 19 21 16 3 4 1.15
2093 114 19 21 20 4 1 0.93
2094 114 19 21 31 5 0 1.1
2095 114 19 21 37 6 3 0.93
2096 114 19 21 42 7 14 0.92
2097 114 19 21 49 8 5 0.91
2098 114 19 21 50 9 6 0.91
2099 114 19 21 60 10 12 0.94
2100 114 19 21 65 11 15 0.91
2101 114 19 21 71 12 15 0.94
2102 114 19 21 75 13 12 1.16
2103 114 19 21 83 14 15 1.1
2104 114 19 21 90 15 18 0.92
2105 121 20 11 5 1 5 0.93
2106 121 20 11 9 2 3 0.93
2107 121 20 11 16 3 4 1.15
2108 121 20 11 23 4 5 1.19
2109 121 20 11 30 5 10 0.93
2110 121 20 11 37 6 3 0.92
2111 121 20 11 38 7 6 0.9
2112 121 20 11 47 8 10 0.92
2113 121 20 11 51 9 7 0.94
2114 121 20 11 59 10 9 0.92
2115 121 20 11 66 11 19 1.17
2116 121 20 11 70 12 14 1.14
2117 121 20 11 75 13 12 1.18
2118 121 20 11 82 14 13 0.93
2119 121 20 11 86 15 11 0.92
2120 120 20 21 2 1 2 0.93
2121 120 20 21 8 2 1 0.92
2122 120 20 21 17 3 5 1.11
2123 120 20 21 24 4 7 0.92
2124 120 20 21 26 5 1 0.9
2125 120 20 21 34 6 9 0.92
2126 120 20 21 38 7 6 0.92
2127 120 20 21 44 8 6 0.94
2128 120 20 21 52 9 8 1.13
2129 120 20 21 61 10 1 1.1
2130 120 20 21 64 11 14 0.93
2131 120 20 21 73 12 8 1.18
2132 120 20 21 75 13 12 1.11
2133 120 20 21 84 14 19 0.94
2134 120 20 21 90 15 18 1.13
