27 162 3410
141 24 22 1.0
3 1 3 1.0
68 12 11 1.0
15 3 2 1.0
51 9 7 1.0
47 8 10 1.0
98 17 16 1.0
67 11 9 1.0
91 15 9 1.0
153 0 2 1.0
83 14 15 1.0
82 14 13 1.0
159 26 23 1.0
36 6 13 1.0
145 24 17 1.0
74 13 11 1.0
52 9 8 1.0
81 14 12 1.0
102 17 23 1.0
37 6 3 1.0
85 14 8 1.0
118 20 18 1.0
22 4 3 1.0
20 4 1 1.0
73 12 8 1.0
106 18 19 1.0
123 21 23 1.0
70 12 14 1.0
90 15 18 1.0
42 7 14 1.0
64 11 14 1.0
108 18 23 1.0
89 15 14 1.0
25 4 0 1.0
65 11 15 1.0
104 18 16 1.0
0 26 0 1.0
94 16 19 1.0
39 7 8 1.0
114 19 21 1.0
97 16 11 1.0
14 3 1 1.0
134 23 21 1.0
150 25 26 1.0
45 8 7 1.0
23 4 5 1.0
127 21 16 1.0
87 15 12 1.0
107 18 20 1.0
143 24 25 1.0
147 25 22 1.0
21 4 2 1.0
38 7 6 1.0
80 14 11 1.0
11 2 5 1.0
50 9 6 1.0
72 12 20 1.0
41 7 10 1.0
31 5 0 1.0
101 17 20 1.0
154 0 3 1.0
33 6 8 1.0
30 5 10 1.0
4 1 4 1.0
62 11 12 1.0
116 20 16 1.0
151 25 18 1.0
136 23 24 1.0
17 3 5 1.0
130 22 24 1.0
35 6 10 1.0
53 9 10 1.0
132 22 26 1.0
148 25 23 1.0
76 13 14 1.0
149 25 24 1.0
86 15 11 1.0
128 22 21 1.0
34 6 9 1.0
69 12 13 1.0
140 24 21 1.0
115 19 14 1.0
126 21 26 1.0
133 22 16 1.0
160 26 24 1.0
9 2 3 1.0
75 13 12 1.0
28 5 3 1.0
84 14 19 1.0
139 23 17 1.0
27 5 2 1.0
135 23 22 1.0
1 0 26 1.0
58 10 8 1.0
2 1 2 1.0
61 10 1 1.0
112 19 18 1.0
24 4 7 1.0
79 13 6 1.0
10 2 4 1.0
122 21 22 1.0
144 24 26 1.0
120 20 24 1.0
78 13 18 1.0
110 19 16 1.0
18 3 6 1.0
95 16 20 1.0
29 5 4 1.0
32 6 7 1.0
137 23 25 1.0
63 11 13 1.0
142 24 23 1.0
56 10 6 1.0
117 20 17 1.0
119 20 19 1.0
93 16 18 1.0
6 1 6 1.0
109 18 13 1.0
124 21 24 1.0
157 26 21 1.0
113 19 20 1.0
13 2 0 1.0
92 16 17 1.0
26 5 1 1.0
8 2 1 1.0
59 10 9 1.0
155 0 4 1.0
100 17 19 1.0
19 3 0 1.0
138 23 26 1.0
156 0 5 1.0
16 3 4 1.0
46 8 9 1.0
125 21 25 1.0
103 17 13 1.0
161 26 25 1.0
49 8 5 1.0
158 26 22 1.0
146 25 21 1.0
88 15 13 1.0
111 19 17 1.0
57 10 7 1.0
7 1 0 1.0
5 1 5 1.0
48 8 11 1.0
105 18 17 1.0
54 9 15 1.0
44 8 6 1.0
131 22 25 1.0
43 7 3 1.0
71 12 15 1.0
96 16 21 1.0
121 20 11 1.0
55 9 1 1.0
60 10 12 1.0
66 11 19 1.0
77 13 15 1.0
99 17 18 1.0
152 0 1 1.0
40 7 9 1.0
12 2 10 1.0
129 22 23 1.0
0 1 0 26 128 22 21 0.95
1 1 0 26 145 24 17 0.95
2 1 0 26 141 24 22 1.04
3 1 0 26 151 25 18 0.95
4 1 0 26 152 0 1 1.04
5 1 0 26 135 23 22 0.95
6 1 0 26 6 1 6 0.95
7 1 0 26 85 14 8 0.95
8 1 0 26 24 4 7 0.95
9 1 0 26 37 6 3 0.95
10 1 0 26 147 25 22 0.95
11 1 0 26 67 11 9 1.04
12 1 0 26 72 12 20 0.95
13 1 0 26 2 1 2 1.04
14 1 0 26 140 24 21 0.95
15 1 0 26 75 13 12 0.95
16 1 0 26 25 4 0 1.04
17 1 0 26 84 14 19 1.04
18 1 0 26 161 26 25 1.04
19 1 0 26 83 14 15 1.04
20 1 0 26 19 3 0 1.04
21 1 0 26 71 12 15 0.95
22 1 0 26 131 22 25 1.04
23 1 0 26 20 4 1 1.04
24 1 0 26 12 2 10 1.04
25 1 0 26 124 21 24 0.95
26 1 0 26 14 3 1 1.04
27 1 0 26 36 6 13 0.95
28 1 0 26 58 10 8 1.04
29 1 0 26 144 24 26 1.04
30 1 0 26 22 4 3 1.04
31 1 0 26 29 5 4 0.95
32 1 0 26 4 1 4 1.04
33 1 0 26 52 9 8 1.04
34 1 0 26 123 21 23 1.04
35 1 0 26 134 23 21 0.95
36 1 0 26 80 14 11 0.95
37 1 0 26 82 14 13 0.95
38 1 0 26 64 11 14 1.04
39 1 0 26 38 7 6 0.95
40 1 0 26 48 8 11 1.04
41 1 0 26 113 19 20 0.95
42 1 0 26 68 12 11 1.04
43 1 0 26 21 4 2 0.95
44 1 0 26 77 13 15 0.95
45 1 0 26 100 17 19 1.04
46 1 0 26 18 3 6 1.04
47 1 0 26 160 26 24 0.95
48 1 0 26 46 8 9 1.04
49 1 0 26 111 19 17 1.04
50 1 0 26 0 26 0 1.04
51 1 0 26 119 20 19 1.04
52 1 0 26 112 19 18 0.95
53 1 0 26 148 25 23 1.04
54 1 0 26 120 20 24 0.95
55 1 0 26 136 23 24 1.04
56 1 0 26 39 7 8 0.95
57 1 0 26 126 21 26 0.95
58 1 0 26 158 26 22 0.95
59 1 0 26 157 26 21 0.95
60 1 0 26 44 8 6 1.04
61 1 0 26 60 10 12 0.95
62 1 0 26 47 8 10 1.04
63 1 0 26 150 25 26 0.95
64 1 0 26 41 7 10 0.95
65 1 0 26 42 7 14 0.95
66 1 0 26 146 25 21 1.04
67 1 0 26 17 3 5 0.95
68 1 0 26 86 15 11 1.04
69 1 0 26 11 2 5 0.95
70 1 0 26 10 2 4 0.95
71 1 0 26 99 17 18 1.04
72 1 0 26 33 6 8 0.95
73 1 0 26 54 9 15 1.04
74 1 0 26 114 19 21 0.95
75 1 0 26 49 8 5 1.04
76 1 0 26 130 22 24 0.95
77 1 0 26 127 21 16 0.95
78 1 0 26 149 25 24 1.04
79 1 0 26 9 2 3 1.04
80 1 0 26 59 10 9 0.95
81 1 0 26 104 18 16 1.04
82 152 0 1 96 16 21 1.04
83 152 0 1 65 11 15 1.04
84 152 0 1 47 8 10 0.95
85 152 0 1 107 18 20 0.95
86 152 0 1 63 11 13 0.95
87 152 0 1 9 2 3 1.04
88 152 0 1 22 4 3 0.95
89 152 0 1 82 14 13 0.95
90 152 0 1 95 16 20 0.95
91 152 0 1 150 25 26 0.95
92 152 0 1 72 12 20 1.04
93 152 0 1 127 21 16 1.04
94 152 0 1 45 8 7 0.95
95 152 0 1 92 16 17 1.04
96 152 0 1 94 16 19 1.04
97 152 0 1 102 17 23 0.95
98 152 0 1 12 2 10 1.04
99 152 0 1 141 24 22 0.95
100 152 0 1 120 20 24 1.04
101 152 0 1 132 22 26 1.04
102 152 0 1 114 19 21 1.04
103 152 0 1 83 14 15 1.04
104 152 0 1 0 26 0 0.95
105 152 0 1 97 16 11 0.95
106 152 0 1 151 25 18 1.04
107 152 0 1 146 25 21 1.04
108 152 0 1 87 15 12 0.95
109 152 0 1 140 24 21 0.95
110 152 0 1 142 24 23 1.04
111 152 0 1 119 20 19 1.04
112 152 0 1 113 19 20 0.95
113 152 0 1 136 23 24 1.04
114 152 0 1 148 25 23 0.95
115 152 0 1 56 10 6 0.95
116 152 0 1 10 2 4 1.04
117 152 0 1 90 15 18 1.04
118 152 0 1 31 5 0 1.04
119 152 0 1 23 4 5 1.04
120 152 0 1 126 21 26 0.95
121 152 0 1 17 3 5 0.95
122 152 0 1 30 5 10 1.04
123 152 0 1 16 3 4 1.04
124 152 0 1 122 21 22 0.95
125 152 0 1 125 21 25 0.95
126 152 0 1 60 10 12 0.95
127 152 0 1 15 3 2 0.95
128 152 0 1 144 24 26 0.95
129 152 0 1 75 13 12 1.04
130 152 0 1 135 23 22 0.95
131 152 0 1 154 0 3 1.04
132 152 0 1 8 2 1 0.95
133 152 0 1 145 24 17 0.95
134 152 0 1 80 14 11 1.04
135 152 0 1 35 6 10 0.95
136 152 0 1 5 1 5 1.04
137 152 0 1 25 4 0 0.95
138 152 0 1 38 7 6 1.04
139 152 0 1 130 22 24 0.95
140 152 0 1 33 6 8 0.95
141 152 0 1 58 10 8 1.04
142 152 0 1 109 18 13 1.04
143 152 0 1 110 19 16 0.95
144 152 0 1 27 5 2 0.95
145 152 0 1 39 7 8 1.04
146 152 0 1 103 17 13 0.95
147 152 0 1 157 26 21 1.04
148 152 0 1 158 26 22 1.04
149 152 0 1 52 9 8 1.04
150 152 0 1 69 12 13 1.04
151 152 0 1 6 1 6 0.95
152 152 0 1 118 20 18 0.95
153 152 0 1 160 26 24 1.04
154 152 0 1 67 11 9 1.04
155 152 0 1 100 17 19 0.95
156 152 0 1 46 8 9 0.95
157 152 0 1 50 9 6 1.04
158 152 0 1 155 0 4 1.04
159 152 0 1 76 13 14 1.04
160 152 0 1 81 14 12 1.04
161 152 0 1 41 7 10 1.04
162 152 0 1 161 26 25 1.04
163 152 0 1 79 13 6 0.95
164 153 0 2 46 8 9 1.04
165 153 0 2 150 25 26 1.04
166 153 0 2 95 16 20 0.95
167 153 0 2 47 8 10 0.95
168 153 0 2 45 8 7 0.95
169 153 0 2 34 6 9 1.04
170 153 0 2 152 0 1 1.04
171 153 0 2 32 6 7 0.95
172 153 0 2 131 22 25 1.04
173 153 0 2 81 14 12 1.04
174 153 0 2 104 18 16 1.04
175 153 0 2 144 24 26 1.04
176 153 0 2 49 8 5 0.95
177 153 0 2 7 1 0 0.95
178 153 0 2 75 13 12 1.04
179 153 0 2 99 17 18 0.95
180 153 0 2 91 15 9 1.04
181 153 0 2 120 20 24 0.95
182 153 0 2 67 11 9 0.95
183 153 0 2 40 7 9 0.95
184 153 0 2 66 11 19 1.04
185 153 0 2 4 1 4 1.04
186 153 0 2 68 12 11 0.95
187 153 0 2 6 1 6 1.04
188 153 0 2 140 24 21 0.95
189 153 0 2 146 25 21 0.95
190 153 0 2 54 9 15 0.95
191 153 0 2 84 14 19 0.95
192 153 0 2 137 23 25 1.04
193 153 0 2 18 3 6 1.04
194 153 0 2 62 11 12 1.04
195 153 0 2 36 6 13 1.04
196 153 0 2 51 9 7 1.04
197 153 0 2 71 12 15 0.95
198 153 0 2 22 4 3 1.04
199 153 0 2 111 19 17 0.95
200 153 0 2 41 7 10 0.95
201 153 0 2 86 15 11 0.95
202 153 0 2 74 13 11 0.95
203 153 0 2 157 26 21 0.95
204 153 0 2 53 9 10 0.95
205 153 0 2 43 7 3 1.04
206 153 0 2 16 3 4 1.04
207 153 0 2 76 13 14 1.04
208 153 0 2 3 1 3 0.95
209 153 0 2 106 18 19 1.04
210 153 0 2 135 23 22 0.95
211 153 0 2 79 13 6 0.95
212 153 0 2 13 2 0 1.04
213 153 0 2 0 26 0 1.04
214 153 0 2 126 21 26 1.04
215 153 0 2 123 21 23 0.95
216 153 0 2 112 19 18 0.95
217 153 0 2 159 26 23 1.04
218 153 0 2 122 21 22 0.95
219 153 0 2 136 23 24 1.04
220 153 0 2 83 14 15 1.04
221 153 0 2 116 20 16 0.95
222 153 0 2 89 15 14 0.95
223 153 0 2 118 20 18 1.04
224 153 0 2 23 4 5 1.04
225 153 0 2 113 19 20 0.95
226 153 0 2 9 2 3 0.95
227 153 0 2 78 13 18 0.95
228 153 0 2 85 14 8 1.04
229 153 0 2 58 10 8 1.04
230 153 0 2 70 12 14 0.95
231 153 0 2 1 0 26 1.04
232 153 0 2 88 15 13 0.95
233 153 0 2 98 17 16 0.95
234 153 0 2 132 22 26 0.95
235 153 0 2 141 24 22 1.04
236 153 0 2 156 0 5 0.95
237 153 0 2 28 5 3 1.04
238 153 0 2 108 18 23 1.04
239 153 0 2 73 12 8 0.95
240 153 0 2 2 1 2 1.04
241 153 0 2 142 24 23 1.04
242 153 0 2 107 18 20 0.95
243 153 0 2 14 3 1 0.95
244 153 0 2 143 24 25 0.95
245 153 0 2 48 8 11 1.04
246 154 0 3 93 16 18 0.95
247 154 0 3 55 9 1 0.95
248 154 0 3 16 3 4 0.95
249 154 0 3 3 1 3 0.95
250 154 0 3 80 14 11 0.95
251 154 0 3 19 3 0 1.04
252 154 0 3 104 18 16 0.95
253 154 0 3 130 22 24 0.95
254 154 0 3 89 15 14 0.95
255 154 0 3 83 14 15 0.95
256 154 0 3 100 17 19 1.04
257 154 0 3 25 4 0 1.04
258 154 0 3 144 24 26 1.04
259 154 0 3 63 11 13 0.95
260 154 0 3 49 8 5 0.95
261 154 0 3 159 26 23 0.95
262 154 0 3 129 22 23 1.04
263 154 0 3 61 10 1 0.95
264 154 0 3 31 5 0 1.04
265 154 0 3 45 8 7 0.95
266 154 0 3 59 10 9 1.04
267 154 0 3 2 1 2 0.95
268 154 0 3 53 9 10 0.95
269 154 0 3 94 16 19 1.04
270 154 0 3 68 12 11 1.04
271 154 0 3 22 4 3 0.95
272 154 0 3 4 1 4 0.95
273 154 0 3 57 10 7 0.95
274 154 0 3 158 26 22 1.04
275 154 0 3 32 6 7 1.04
276 154 0 3 76 13 14 0.95
277 154 0 3 105 18 17 1.04
278 154 0 3 33 6 8 1.04
279 154 0 3 132 22 26 0.95
280 154 0 3 23 4 5 1.04
281 154 0 3 74 13 11 1.04
282 154 0 3 73 12 8 0.95
283 154 0 3 65 11 15 1.04
284 154 0 3 106 18 19 0.95
285 154 0 3 110 19 16 0.95
286 154 0 3 156 0 5 1.04
287 154 0 3 34 6 9 1.04
288 154 0 3 30 5 10 1.04
289 154 0 3 109 18 13 1.04
290 154 0 3 107 18 20 1.04
291 154 0 3 79 13 6 0.95
292 154 0 3 72 12 20 1.04
293 154 0 3 102 17 23 0.95
294 154 0 3 101 17 20 1.04
295 154 0 3 133 22 16 1.04
296 154 0 3 126 21 26 1.04
297 154 0 3 29 5 4 1.04
298 154 0 3 143 24 25 1.04
299 154 0 3 13 2 0 1.04
300 154 0 3 155 0 4 0.95
301 154 0 3 42 7 14 1.04
302 154 0 3 137 23 25 1.04
303 154 0 3 108 18 23 1.04
304 154 0 3 60 10 12 0.95
305 154 0 3 150 25 26 1.04
306 154 0 3 99 17 18 1.04
307 154 0 3 128 22 21 1.04
308 154 0 3 18 3 6 1.04
309 154 0 3 20 4 1 1.04
310 154 0 3 146 25 21 0.95
311 154 0 3 28 5 3 0.95
312 154 0 3 82 14 13 0.95
313 154 0 3 131 22 25 0.95
314 154 0 3 21 4 2 1.04
315 154 0 3 27 5 2 0.95
316 154 0 3 117 20 17 0.95
317 154 0 3 142 24 23 0.95
318 154 0 3 37 6 3 0.95
319 154 0 3 97 16 11 0.95
320 154 0 3 127 21 16 0.95
321 154 0 3 91 15 9 1.04
322 154 0 3 111 19 17 1.04
323 154 0 3 38 7 6 0.95
324 154 0 3 118 20 18 1.04
325 154 0 3 17 3 5 0.95
326 154 0 3 1 0 26 1.04
327 154 0 3 151 25 18 1.04
328 155 0 4 141 24 22 0.95
329 155 0 4 3 1 3 0.95
330 155 0 4 68 12 11 1.04
331 155 0 4 15 3 2 1.04
332 155 0 4 51 9 7 0.95
333 155 0 4 47 8 10 1.04
334 155 0 4 98 17 16 0.95
335 155 0 4 67 11 9 1.04
336 155 0 4 91 15 9 0.95
337 155 0 4 153 0 2 1.04
338 155 0 4 83 14 15 1.04
339 155 0 4 82 14 13 1.04
340 155 0 4 159 26 23 1.04
341 155 0 4 36 6 13 1.04
342 155 0 4 145 24 17 1.04
343 155 0 4 74 13 11 1.04
344 155 0 4 52 9 8 0.95
345 155 0 4 81 14 12 0.95
346 155 0 4 102 17 23 1.04
347 155 0 4 37 6 3 0.95
348 155 0 4 85 14 8 0.95
349 155 0 4 118 20 18 1.04
350 155 0 4 22 4 3 1.04
351 155 0 4 20 4 1 1.04
352 155 0 4 73 12 8 1.04
353 155 0 4 106 18 19 1.04
354 155 0 4 123 21 23 0.95
355 155 0 4 70 12 14 1.04
356 155 0 4 90 15 18 1.04
357 155 0 4 42 7 14 0.95
358 155 0 4 64 11 14 0.95
359 155 0 4 108 18 23 1.04
360 155 0 4 89 15 14 0.95
361 155 0 4 25 4 0 1.04
362 155 0 4 65 11 15 1.04
363 155 0 4 104 18 16 1.04
364 155 0 4 0 26 0 0.95
365 155 0 4 94 16 19 1.04
366 155 0 4 39 7 8 1.04
367 155 0 4 114 19 21 0.95
368 155 0 4 97 16 11 0.95
369 155 0 4 14 3 1 0.95
370 155 0 4 134 23 21 0.95
371 155 0 4 150 25 26 0.95
372 155 0 4 45 8 7 0.95
373 155 0 4 23 4 5 1.04
374 155 0 4 127 21 16 0.95
375 155 0 4 87 15 12 0.95
376 155 0 4 107 18 20 1.04
377 155 0 4 143 24 25 0.95
378 155 0 4 147 25 22 0.95
379 155 0 4 21 4 2 0.95
380 155 0 4 38 7 6 1.04
381 155 0 4 80 14 11 0.95
382 155 0 4 11 2 5 0.95
383 155 0 4 50 9 6 0.95
384 155 0 4 72 12 20 0.95
385 155 0 4 41 7 10 1.04
386 155 0 4 31 5 0 0.95
387 155 0 4 101 17 20 1.04
388 155 0 4 154 0 3 1.04
389 155 0 4 33 6 8 1.04
390 155 0 4 30 5 10 0.95
391 155 0 4 4 1 4 1.04
392 155 0 4 62 11 12 1.04
393 155 0 4 116 20 16 0.95
394 155 0 4 151 25 18 1.04
395 155 0 4 136 23 24 0.95
396 155 0 4 17 3 5 0.95
397 155 0 4 130 22 24 0.95
398 155 0 4 35 6 10 1.04
399 155 0 4 53 9 10 1.04
400 155 0 4 132 22 26 1.04
401 155 0 4 148 25 23 0.95
402 155 0 4 76 13 14 0.95
403 155 0 4 149 25 24 1.04
404 155 0 4 86 15 11 0.95
405 155 0 4 128 22 21 1.04
406 155 0 4 34 6 9 1.04
407 155 0 4 69 12 13 1.04
408 155 0 4 140 24 21 0.95
409 155 0 4 115 19 14 0.95
410 2 1 2 37 6 3 0.94
411 2 1 2 39 7 8 0.93
412 2 1 2 49 8 5 0.94
413 2 1 2 51 9 7 0.93
414 2 1 2 61 10 1 0.9
415 2 1 2 62 11 12 0.92
416 2 1 2 73 12 8 1.17
417 2 1 2 76 13 14 1.17
418 2 1 2 80 14 11 0.94
419 2 1 2 89 15 14 1.1
420 2 1 2 95 16 20 1.16
421 2 1 2 101 17 20 0.93
422 2 1 2 109 18 13 0.93
423 2 1 2 111 19 17 0.91
424 2 1 2 118 20 18 1.19
425 2 1 2 126 21 26 1.11
426 2 1 2 132 22 26 1.13
427 2 1 2 137 23 25 1.12
428 2 1 2 142 24 23 1.17
429 2 1 2 147 25 22 0.92
430 3 1 3 33 6 8 0.91
431 3 1 3 39 7 8 0.9
432 3 1 3 48 8 11 1.15
433 3 1 3 54 9 15 0.94
434 3 1 3 57 10 7 0.9
435 3 1 3 66 11 19 1.11
436 3 1 3 72 12 20 0.9
437 3 1 3 77 13 15 0.93
438 3 1 3 85 14 8 1.18
439 3 1 3 86 15 11 1.12
440 3 1 3 95 16 20 0.93
441 3 1 3 100 17 19 0.9
442 3 1 3 104 18 16 0.92
443 3 1 3 112 19 18 0.92
444 3 1 3 119 20 19 1.12
445 3 1 3 124 21 24 1.17
446 3 1 3 128 22 21 0.93
447 3 1 3 138 23 26 1.12
448 3 1 3 141 24 22 1.12
449 3 1 3 151 25 18 1.19
450 4 1 4 32 6 7 0.94
451 4 1 4 43 7 3 1.13
452 4 1 4 48 8 11 0.94
453 4 1 4 54 9 15 0.93
454 4 1 4 61 10 1 0.94
455 4 1 4 67 11 9 0.92
456 4 1 4 68 12 11 0.93
457 4 1 4 74 13 11 1.19
458 4 1 4 82 14 13 1.13
459 4 1 4 86 15 11 1.13
460 4 1 4 96 16 21 0.92
461 4 1 4 100 17 19 1.16
462 4 1 4 105 18 17 1.12
463 4 1 4 110 19 16 1.17
464 4 1 4 117 20 17 1.16
465 4 1 4 125 21 25 0.93
466 4 1 4 128 22 21 1.18
467 4 1 4 137 23 25 1.14
468 4 1 4 145 24 17 1.15
469 4 1 4 146 25 21 1.15
470 5 1 5 32 6 7 0.92
471 5 1 5 39 7 8 1.1
472 5 1 5 46 8 9 1.19
473 5 1 5 54 9 15 0.93
474 5 1 5 57 10 7 0.94
475 5 1 5 67 11 9 1.14
476 5 1 5 68 12 11 0.91
477 5 1 5 77 13 15 0.94
478 5 1 5 81 14 12 1.14
479 5 1 5 86 15 11 0.94
480 5 1 5 92 16 17 0.94
481 5 1 5 103 17 13 1.17
482 5 1 5 108 18 23 1.18
483 5 1 5 110 19 16 1.11
484 5 1 5 120 20 24 1.16
485 5 1 5 123 21 23 1.19
486 5 1 5 131 22 25 0.92
487 5 1 5 137 23 25 1.13
488 5 1 5 143 24 25 1.19
489 5 1 5 146 25 21 0.94
490 8 2 1 35 6 10 0.92
491 8 2 1 43 7 3 0.91
492 8 2 1 48 8 11 0.91
493 8 2 1 50 9 6 0.92
494 8 2 1 59 10 9 1.19
495 8 2 1 66 11 19 0.91
496 8 2 1 69 12 13 1.18
497 8 2 1 77 13 15 0.93
498 8 2 1 82 14 13 1.12
499 8 2 1 91 15 9 0.9
500 8 2 1 97 16 11 1.12
501 8 2 1 103 17 13 1.1
502 8 2 1 107 18 20 1.18
503 8 2 1 114 19 21 1.16
504 8 2 1 116 20 16 0.93
505 8 2 1 124 21 24 1.15
506 8 2 1 130 22 24 1.12
507 8 2 1 135 23 22 1.13
508 8 2 1 142 24 23 1.19
509 8 2 1 147 25 22 0.94
510 9 2 3 36 6 13 0.91
511 9 2 3 39 7 8 0.93
512 9 2 3 46 8 9 1.1
513 9 2 3 53 9 10 1.17
514 9 2 3 58 10 8 1.17
515 9 2 3 62 11 12 0.93
516 9 2 3 70 12 14 1.18
517 9 2 3 77 13 15 0.9
518 9 2 3 84 14 19 1.18
519 9 2 3 89 15 14 1.16
520 9 2 3 96 16 21 0.92
521 9 2 3 98 17 16 1.11
522 9 2 3 105 18 17 0.93
523 9 2 3 112 19 18 1.19
524 9 2 3 119 20 19 1.13
525 9 2 3 124 21 24 1.14
526 9 2 3 129 22 23 0.94
527 9 2 3 139 23 17 1.1
528 9 2 3 143 24 25 1.13
529 9 2 3 147 25 22 1.13
530 10 2 4 36 6 13 1.18
531 10 2 4 40 7 9 1.18
532 10 2 4 46 8 9 0.9
533 10 2 4 52 9 8 0.92
534 10 2 4 56 10 6 0.91
535 10 2 4 66 11 19 0.93
536 10 2 4 70 12 14 0.91
537 10 2 4 77 13 15 1.15
538 10 2 4 80 14 11 0.92
539 10 2 4 89 15 14 1.16
540 10 2 4 92 16 17 1.13
541 10 2 4 101 17 20 1.14
542 10 2 4 109 18 13 1.13
543 10 2 4 111 19 17 0.9
544 10 2 4 117 20 17 0.9
545 10 2 4 123 21 23 1.1
546 10 2 4 128 22 21 1.14
547 10 2 4 135 23 22 1.13
548 10 2 4 143 24 25 1.15
549 10 2 4 146 25 21 0.92
550 11 2 5 37 6 3 1.1
551 11 2 5 40 7 9 0.94
552 11 2 5 44 8 6 1.18
553 11 2 5 55 9 1 0.91
554 11 2 5 61 10 1 0.93
555 11 2 5 67 11 9 0.91
556 11 2 5 73 12 8 0.93
557 11 2 5 77 13 15 0.93
558 11 2 5 84 14 19 0.9
559 11 2 5 88 15 13 1.17
560 11 2 5 96 16 21 1.12
561 11 2 5 98 17 16 0.91
562 11 2 5 104 18 16 0.91
563 11 2 5 113 19 20 1.15
564 11 2 5 120 20 24 0.9
565 11 2 5 122 21 22 0.92
566 11 2 5 132 22 26 1.14
567 11 2 5 135 23 22 1.18
568 11 2 5 143 24 25 1.12
569 11 2 5 151 25 18 1.19
570 14 3 1 34 6 9 0.9
571 14 3 1 43 7 3 0.92
572 14 3 1 47 8 10 0.91
573 14 3 1 55 9 1 0.93
574 14 3 1 60 10 12 0.92
575 14 3 1 65 11 15 1.14
576 14 3 1 69 12 13 0.94
577 14 3 1 77 13 15 1.11
578 14 3 1 82 14 13 0.9
579 14 3 1 89 15 14 1.16
580 14 3 1 94 16 19 1.12
581 14 3 1 99 17 18 0.9
582 14 3 1 104 18 16 1.19
583 14 3 1 110 19 16 0.9
584 14 3 1 118 20 18 1.1
585 14 3 1 123 21 23 1.15
586 14 3 1 128 22 21 0.91
587 14 3 1 134 23 21 0.9
588 14 3 1 145 24 17 1.18
589 14 3 1 148 25 23 1.16
590 15 3 2 34 6 9 0.94
591 15 3 2 38 7 6 0.94
592 15 3 2 46 8 9 0.93
593 15 3 2 55 9 1 0.92
594 15 3 2 60 10 12 0.92
595 15 3 2 65 11 15 1.1
596 15 3 2 68 12 11 0.9
597 15 3 2 79 13 6 0.91
598 15 3 2 80 14 11 0.9
599 15 3 2 90 15 18 0.93
600 15 3 2 92 16 17 0.9
601 15 3 2 100 17 19 0.9
602 15 3 2 105 18 17 0.91
603 15 3 2 112 19 18 0.9
604 15 3 2 118 20 18 1.14
605 15 3 2 124 21 24 0.93
606 15 3 2 128 22 21 1.13
607 15 3 2 135 23 22 1.16
608 15 3 2 144 24 26 1.14
609 15 3 2 147 25 22 1.18
610 16 3 4 32 6 7 0.92
611 16 3 4 40 7 9 0.92
612 16 3 4 45 8 7 0.9
613 16 3 4 51 9 7 0.92
614 16 3 4 59 10 9 1.15
615 16 3 4 66 11 19 1.12
616 16 3 4 73 12 8 0.91
617 16 3 4 74 13 11 1.19
618 16 3 4 85 14 8 1.19
619 16 3 4 86 15 11 1.12
620 16 3 4 92 16 17 0.94
621 16 3 4 100 17 19 0.92
622 16 3 4 104 18 16 0.93
623 16 3 4 111 19 17 1.12
624 16 3 4 116 20 16 0.93
625 16 3 4 125 21 25 1.1
626 16 3 4 131 22 25 0.91
627 16 3 4 134 23 21 1.14
628 16 3 4 143 24 25 1.12
629 16 3 4 150 25 26 1.19
630 17 3 5 33 6 8 0.92
631 17 3 5 38 7 6 1.17
632 17 3 5 47 8 10 1.16
633 17 3 5 55 9 1 0.9
634 17 3 5 59 10 9 0.93
635 17 3 5 67 11 9 1.16
636 17 3 5 69 12 13 1.12
637 17 3 5 74 13 11 1.14
638 17 3 5 85 14 8 1.18
639 17 3 5 91 15 9 0.94
640 17 3 5 97 16 11 1.19
641 17 3 5 103 17 13 1.12
642 17 3 5 107 18 20 0.92
643 17 3 5 114 19 21 1.19
644 17 3 5 117 20 17 0.91
645 17 3 5 124 21 24 1.17
646 17 3 5 130 22 24 1.12
647 17 3 5 136 23 24 1.16
648 17 3 5 140 24 21 0.94
649 17 3 5 150 25 26 1.17
650 20 4 1 33 6 8 0.9
651 20 4 1 41 7 10 0.94
652 20 4 1 46 8 9 0.91
653 20 4 1 55 9 1 0.93
654 20 4 1 59 10 9 0.91
655 20 4 1 64 11 14 0.92
656 20 4 1 68 12 11 0.92
657 20 4 1 75 13 12 0.9
658 20 4 1 83 14 15 1.19
659 20 4 1 89 15 14 0.92
660 20 4 1 97 16 11 0.92
661 20 4 1 103 17 13 1.13
662 20 4 1 104 18 16 1.13
663 20 4 1 112 19 18 0.9
664 20 4 1 118 20 18 1.19
665 20 4 1 126 21 26 1.11
666 20 4 1 129 22 23 1.12
667 20 4 1 136 23 24 1.1
668 20 4 1 141 24 22 1.11
669 20 4 1 148 25 23 1.14
670 21 4 2 36 6 13 1.14
671 21 4 2 42 7 14 1.18
672 21 4 2 46 8 9 0.9
673 21 4 2 54 9 15 0.93
674 21 4 2 60 10 12 0.93
675 21 4 2 64 11 14 1.19
676 21 4 2 68 12 11 1.15
677 21 4 2 78 13 18 1.16
678 21 4 2 82 14 13 0.92
679 21 4 2 91 15 9 0.94
680 21 4 2 92 16 17 1.15
681 21 4 2 99 17 18 1.12
682 21 4 2 109 18 13 1.16
683 21 4 2 112 19 18 1.15
684 21 4 2 116 20 16 0.9
685 21 4 2 122 21 22 1.17
686 21 4 2 133 22 16 1.16
687 21 4 2 134 23 21 1.16
688 21 4 2 145 24 17 1.1
689 21 4 2 151 25 18 1.14
690 22 4 3 36 6 13 0.92
691 22 4 3 40 7 9 1.11
692 22 4 3 48 8 11 0.91
693 22 4 3 54 9 15 0.94
694 22 4 3 56 10 6 0.92
695 22 4 3 67 11 9 1.18
696 22 4 3 70 12 14 0.92
697 22 4 3 77 13 15 0.92
698 22 4 3 85 14 8 1.14
699 22 4 3 91 15 9 0.9
700 22 4 3 96 16 21 0.92
701 22 4 3 99 17 18 0.94
702 22 4 3 107 18 20 1.18
703 22 4 3 114 19 21 0.92
704 22 4 3 118 20 18 1.16
705 22 4 3 124 21 24 1.1
706 22 4 3 133 22 16 1.17
707 22 4 3 139 23 17 1.19
708 22 4 3 143 24 25 1.18
709 22 4 3 151 25 18 1.13
710 23 4 5 33 6 8 0.94
711 23 4 5 43 7 3 0.93
712 23 4 5 45 8 7 0.94
713 23 4 5 53 9 10 0.92
714 23 4 5 60 10 12 0.93
715 23 4 5 62 11 12 0.9
716 23 4 5 68 12 11 1.13
717 23 4 5 77 13 15 0.91
718 23 4 5 80 14 11 1.12
719 23 4 5 89 15 14 0.92
720 23 4 5 92 16 17 1.17
721 23 4 5 102 17 23 1.14
722 23 4 5 109 18 13 1.15
723 23 4 5 113 19 20 0.93
724 23 4 5 120 20 24 0.91
725 23 4 5 127 21 16 1.19
726 23 4 5 128 22 21 1.14
727 23 4 5 139 23 17 1.19
728 23 4 5 142 24 23 1.16
729 23 4 5 147 25 22 1.18
730 26 5 1 33 6 8 0.9
731 26 5 1 39 7 8 1.12
732 26 5 1 46 8 9 1.16
733 26 5 1 52 9 8 0.93
734 26 5 1 57 10 7 0.9
735 26 5 1 67 11 9 1.1
736 26 5 1 73 12 8 1.18
737 26 5 1 75 13 12 1.15
738 26 5 1 83 14 15 1.15
739 26 5 1 90 15 18 1.18
740 26 5 1 96 16 21 0.9
741 26 5 1 99 17 18 0.91
742 26 5 1 105 18 17 0.93
743 26 5 1 110 19 16 0.94
744 26 5 1 121 20 11 0.94
745 26 5 1 127 21 16 1.17
746 26 5 1 133 22 16 1.11
747 26 5 1 135 23 22 1.15
748 26 5 1 142 24 23 1.16
749 26 5 1 150 25 26 1.11
750 27 5 2 37 6 3 1.14
751 27 5 2 38 7 6 0.92
752 27 5 2 46 8 9 1.19
753 27 5 2 51 9 7 0.9
754 27 5 2 58 10 8 0.91
755 27 5 2 64 11 14 0.94
756 27 5 2 68 12 11 1.12
757 27 5 2 77 13 15 0.92
758 27 5 2 85 14 8 1.17
759 27 5 2 89 15 14 0.93
760 27 5 2 93 16 18 1.15
761 27 5 2 102 17 23 1.16
762 27 5 2 109 18 13 1.12
763 27 5 2 113 19 20 1.19
764 27 5 2 119 20 19 1.13
765 27 5 2 127 21 16 0.94
766 27 5 2 131 22 25 0.93
767 27 5 2 134 23 21 1.13
768 27 5 2 145 24 17 1.13
769 27 5 2 151 25 18 1.17
770 28 5 3 37 6 3 0.92
771 28 5 3 38 7 6 1.18
772 28 5 3 48 8 11 0.93
773 28 5 3 50 9 6 1.1
774 28 5 3 60 10 12 0.93
775 28 5 3 65 11 15 1.14
776 28 5 3 70 12 14 0.93
777 28 5 3 76 13 14 1.18
778 28 5 3 82 14 13 1.19
779 28 5 3 86 15 11 1.1
780 28 5 3 95 16 20 1.11
781 28 5 3 102 17 23 1.17
782 28 5 3 107 18 20 1.13
783 28 5 3 112 19 18 1.1
784 28 5 3 116 20 16 0.9
785 28 5 3 124 21 24 1.11
786 28 5 3 130 22 24 1.19
787 28 5 3 138 23 26 1.11
788 28 5 3 140 24 21 1.14
789 28 5 3 146 25 21 1.19
790 29 5 4 35 6 10 0.91
791 29 5 4 38 7 6 1.1
792 29 5 4 46 8 9 0.94
793 29 5 4 51 9 7 0.92
794 29 5 4 57 10 7 0.91
795 29 5 4 67 11 9 0.94
796 29 5 4 73 12 8 0.93
797 29 5 4 79 13 6 1.17
798 29 5 4 82 14 13 0.93
799 29 5 4 89 15 14 0.94
800 29 5 4 96 16 21 1.17
801 29 5 4 101 17 20 1.1
802 29 5 4 106 18 19 1.12
803 29 5 4 110 19 16 1.18
804 29 5 4 120 20 24 1.15
805 29 5 4 124 21 24 1.18
806 29 5 4 133 22 16 1.14
807 29 5 4 138 23 26 1.18
808 29 5 4 143 24 25 1.11
809 29 5 4 146 25 21 0.94
810 32 6 7 64 11 14 0.94
811 32 6 7 70 12 14 0.93
812 32 6 7 77 13 15 0.9
813 32 6 7 80 14 11 1.12
814 32 6 7 87 15 12 0.93
815 32 6 7 95 16 20 0.94
816 32 6 7 99 17 18 0.93
817 32 6 7 107 18 20 0.94
818 32 6 7 113 19 20 0.93
819 32 6 7 121 20 11 0.94
820 32 6 7 122 21 22 0.93
821 32 6 7 131 22 25 1.17
822 32 6 7 137 23 25 1.11
823 32 6 7 140 24 21 0.93
824 32 6 7 149 25 24 0.91
825 32 6 7 3 1 3 1.11
826 32 6 7 11 2 5 1.14
827 32 6 7 18 3 6 1.12
828 32 6 7 25 4 0 1.13
829 32 6 7 26 5 1 0.91
830 33 6 8 67 11 9 0.92
831 33 6 8 70 12 14 0.92
832 33 6 8 77 13 15 1.1
833 33 6 8 81 14 12 1.11
834 33 6 8 87 15 12 1.11
835 33 6 8 93 16 18 0.9
836 33 6 8 102 17 23 1.17
837 33 6 8 107 18 20 0.92
838 33 6 8 113 19 20 0.91
839 33 6 8 119 20 19 1.1
840 33 6 8 123 21 23 0.91
841 33 6 8 131 22 25 1.11
842 33 6 8 138 23 26 0.94
843 33 6 8 145 24 17 0.9
844 33 6 8 150 25 26 1.1
845 33 6 8 6 1 6 0.92
846 33 6 8 10 2 4 0.92
847 33 6 8 14 3 1 1.17
848 33 6 8 22 4 3 0.91
849 33 6 8 30 5 10 1.1
850 34 6 9 67 11 9 1.19
851 34 6 9 70 12 14 0.9
852 34 6 9 79 13 6 0.9
853 34 6 9 84 14 19 0.94
854 34 6 9 89 15 14 0.91
855 34 6 9 95 16 20 1.14
856 34 6 9 99 17 18 0.94
857 34 6 9 108 18 23 0.91
858 34 6 9 110 19 16 0.94
859 34 6 9 119 20 19 1.14
860 34 6 9 123 21 23 1.15
861 34 6 9 131 22 25 1.17
862 34 6 9 134 23 21 1.13
863 34 6 9 142 24 23 1.18
864 34 6 9 147 25 22 1.1
865 34 6 9 6 1 6 1.11
866 34 6 9 9 2 3 1.11
867 34 6 9 15 3 2 0.9
868 34 6 9 22 4 3 1.14
869 34 6 9 27 5 2 1.12
870 35 6 10 63 11 13 0.9
871 35 6 10 70 12 14 0.93
872 35 6 10 78 13 18 0.92
873 35 6 10 85 14 8 0.94
874 35 6 10 86 15 11 0.93
875 35 6 10 97 16 11 0.94
876 35 6 10 103 17 13 1.15
877 35 6 10 109 18 13 0.91
878 35 6 10 114 19 21 0.91
879 35 6 10 120 20 24 0.91
880 35 6 10 126 21 26 0.91
881 35 6 10 129 22 23 1.1
882 35 6 10 139 23 17 0.92
883 35 6 10 140 24 21 1.14
884 35 6 10 147 25 22 0.93
885 35 6 10 6 1 6 1.15
886 35 6 10 12 2 10 1.15
887 35 6 10 19 3 0 1.14
888 35 6 10 24 4 7 1.17
889 35 6 10 28 5 3 0.93
890 38 7 6 65 11 15 0.91
891 38 7 6 70 12 14 1.15
892 38 7 6 76 13 14 0.92
893 38 7 6 80 14 11 0.91
894 38 7 6 89 15 14 0.93
895 38 7 6 96 16 21 0.94
896 38 7 6 101 17 20 1.13
897 38 7 6 108 18 23 1.16
898 38 7 6 112 19 18 1.12
899 38 7 6 120 20 24 1.15
900 38 7 6 126 21 26 1.12
901 38 7 6 131 22 25 1.18
902 38 7 6 135 23 22 0.94
903 38 7 6 140 24 21 1.18
904 38 7 6 147 25 22 0.94
905 38 7 6 3 1 3 1.17
906 38 7 6 8 2 1 1.1
907 38 7 6 19 3 0 1.19
908 38 7 6 23 4 5 1.14
909 38 7 6 26 5 1 0.9
910 39 7 8 65 11 15 0.94
911 39 7 8 72 12 20 1.14
912 39 7 8 76 13 14 0.9
913 39 7 8 81 14 12 0.94
914 39 7 8 89 15 14 1.19
915 39 7 8 92 16 17 0.94
916 39 7 8 99 17 18 0.93
917 39 7 8 106 18 19 0.91
918 39 7 8 115 19 14 1.12
919 39 7 8 120 20 24 0.9
920 39 7 8 126 21 26 1.12
921 39 7 8 133 22 16 1.12
922 39 7 8 135 23 22 0.91
923 39 7 8 140 24 21 0.92
924 39 7 8 149 25 24 1.1
925 39 7 8 4 1 4 1.17
926 39 7 8 13 2 0 1.13
927 39 7 8 15 3 2 1.12
928 39 7 8 22 4 3 0.94
929 39 7 8 26 5 1 1.13
930 40 7 9 64 11 14 1.15
931 40 7 9 72 12 20 0.91
932 40 7 9 79 13 6 0.93
933 40 7 9 80 14 11 1.11
934 40 7 9 90 15 18 0.9
935 40 7 9 92 16 17 1.14
936 40 7 9 103 17 13 0.93
937 40 7 9 108 18 23 0.92
938 40 7 9 111 19 17 1.18
939 40 7 9 117 20 17 0.91
940 40 7 9 122 21 22 1.1
941 40 7 9 129 22 23 1.12
942 40 7 9 139 23 17 1.17
943 40 7 9 142 24 23 1.16
944 40 7 9 150 25 26 0.92
945 40 7 9 7 1 0 1.17
946 40 7 9 11 2 5 0.92
947 40 7 9 19 3 0 1.19
948 40 7 9 23 4 5 1.19
949 40 7 9 31 5 0 0.92
950 41 7 10 62 11 12 0.94
951 41 7 10 71 12 15 0.92
952 41 7 10 79 13 6 0.92
953 41 7 10 81 14 12 0.9
954 41 7 10 89 15 14 0.9
955 41 7 10 97 16 11 1.18
956 41 7 10 102 17 23 0.92
957 41 7 10 104 18 16 1.19
958 41 7 10 115 19 14 0.94
959 41 7 10 120 20 24 0.9
960 41 7 10 125 21 25 0.91
961 41 7 10 130 22 24 1.13
962 41 7 10 134 23 21 0.93
963 41 7 10 141 24 22 1.17
964 41 7 10 146 25 21 1.16
965 41 7 10 5 1 5 1.17
966 41 7 10 11 2 5 0.91
967 41 7 10 14 3 1 1.19
968 41 7 10 25 4 0 1.11
969 41 7 10 29 5 4 1.15
970 44 8 6 65 11 15 0.9
971 44 8 6 72 12 20 0.92
972 44 8 6 79 13 6 0.9
973 44 8 6 83 14 15 0.92
974 44 8 6 88 15 13 0.9
975 44 8 6 92 16 17 0.92
976 44 8 6 103 17 13 1.13
977 44 8 6 109 18 13 0.91
978 44 8 6 113 19 20 1.19
979 44 8 6 120 20 24 0.91
980 44 8 6 125 21 25 1.15
981 44 8 6 130 22 24 0.93
982 44 8 6 134 23 21 1.12
983 44 8 6 141 24 22 1.12
984 44 8 6 151 25 18 1.16
985 44 8 6 2 1 2 1.17
986 44 8 6 9 2 3 1.11
987 44 8 6 16 3 4 1.19
988 44 8 6 22 4 3 1.15
989 44 8 6 27 5 2 1.13
990 45 8 7 66 11 19 0.94
991 45 8 7 73 12 8 0.91
992 45 8 7 76 13 14 1.16
993 45 8 7 80 14 11 0.91
994 45 8 7 87 15 12 0.9
995 45 8 7 93 16 18 0.9
996 45 8 7 100 17 19 0.94
997 45 8 7 105 18 17 0.92
998 45 8 7 110 19 16 1.12
999 45 8 7 120 20 24 1.1
1000 45 8 7 122 21 22 1.19
1001 45 8 7 129 22 23 1.1
1002 45 8 7 135 23 22 1.18
1003 45 8 7 141 24 22 0.94
1004 45 8 7 150 25 26 1.1
1005 45 8 7 4 1 4 1.11
1006 45 8 7 13 2 0 1.17
1007 45 8 7 16 3 4 1.18
1008 45 8 7 23 4 5 1.11
1009 45 8 7 29 5 4 1.14
1010 46 8 9 62 11 12 0.91
1011 46 8 9 71 12 15 0.9
1012 46 8 9 78 13 18 1.18
1013 46 8 9 80 14 11 0.94
1014 46 8 9 87 15 12 0.91
1015 46 8 9 95 16 20 0.93
1016 46 8 9 99 17 18 1.1
1017 46 8 9 105 18 17 0.92
1018 46 8 9 114 19 21 0.94
1019 46 8 9 121 20 11 0.91
1020 46 8 9 126 21 26 1.1
1021 46 8 9 133 22 16 1.17
1022 46 8 9 138 23 26 1.1
1023 46 8 9 141 24 22 1.1
1024 46 8 9 150 25 26 1.17
1025 46 8 9 4 1 4 1.17
1026 46 8 9 8 2 1 1.19
1027 46 8 9 15 3 2 1.11
1028 46 8 9 25 4 0 1.19
1029 46 8 9 29 5 4 1.18
1030 47 8 10 66 11 19 0.9
1031 47 8 10 73 12 8 0.92
1032 47 8 10 76 13 14 0.9
1033 47 8 10 83 14 15 0.94
1034 47 8 10 90 15 18 1.16
1035 47 8 10 92 16 17 0.9
1036 47 8 10 100 17 19 1.13
1037 47 8 10 106 18 19 0.9
1038 47 8 10 113 19 20 1.16
1039 47 8 10 120 20 24 1.14
1040 47 8 10 127 21 16 1.1
1041 47 8 10 132 22 26 1.12
1042 47 8 10 137 23 25 1.15
1043 47 8 10 143 24 25 0.91
1044 47 8 10 150 25 26 1.18
1045 47 8 10 4 1 4 1.13
1046 47 8 10 12 2 10 0.93
1047 47 8 10 16 3 4 1.11
1048 47 8 10 24 4 7 0.94
1049 47 8 10 29 5 4 1.15
1050 50 9 6 65 11 15 0.94
1051 50 9 6 73 12 8 1.19
1052 50 9 6 76 13 14 0.92
1053 50 9 6 83 14 15 0.94
1054 50 9 6 91 15 9 0.92
1055 50 9 6 95 16 20 1.18
1056 50 9 6 101 17 20 0.92
1057 50 9 6 104 18 16 1.19
1058 50 9 6 113 19 20 0.94
1059 50 9 6 118 20 18 1.17
1060 50 9 6 126 21 26 1.19
1061 50 9 6 133 22 16 0.92
1062 50 9 6 134 23 21 1.12
1063 50 9 6 145 24 17 0.9
1064 50 9 6 149 25 24 1.15
1065 50 9 6 2 1 2 1.18
1066 50 9 6 8 2 1 1.16
1067 50 9 6 17 3 5 0.94
1068 50 9 6 22 4 3 0.94
1069 50 9 6 27 5 2 0.91
1070 51 9 7 62 11 12 0.94
1071 51 9 7 68 12 11 0.91
1072 51 9 7 75 13 12 0.93
1073 51 9 7 85 14 8 1.19
1074 51 9 7 91 15 9 0.94
1075 51 9 7 96 16 21 0.92
1076 51 9 7 98 17 16 1.14
1077 51 9 7 104 18 16 1.12
1078 51 9 7 113 19 20 1.18
1079 51 9 7 118 20 18 0.93
1080 51 9 7 123 21 23 1.19
1081 51 9 7 131 22 25 0.93
1082 51 9 7 138 23 26 0.92
1083 51 9 7 144 24 26 1.15
1084 51 9 7 147 25 22 0.93
1085 51 9 7 2 1 2 1.19
1086 51 9 7 9 2 3 1.19
1087 51 9 7 19 3 0 1.1
1088 51 9 7 22 4 3 1.15
1089 51 9 7 29 5 4 1.1
1090 52 9 8 65 11 15 0.9
1091 52 9 8 69 12 13 0.93
1092 52 9 8 77 13 15 0.93
1093 52 9 8 80 14 11 0.94
1094 52 9 8 90 15 18 0.94
1095 52 9 8 96 16 21 1.16
1096 52 9 8 101 17 20 0.92
1097 52 9 8 109 18 13 1.1
1098 52 9 8 114 19 21 1.16
1099 52 9 8 117 20 17 1.14
1100 52 9 8 122 21 22 1.18
1101 52 9 8 129 22 23 0.9
1102 52 9 8 137 23 25 1.17
1103 52 9 8 141 24 22 1.16
1104 52 9 8 150 25 26 0.93
1105 52 9 8 3 1 3 1.18
1106 52 9 8 9 2 3 1.18
1107 52 9 8 19 3 0 1.13
1108 52 9 8 24 4 7 1.19
1109 52 9 8 27 5 2 1.18
1110 53 9 10 67 11 9 0.92
1111 53 9 10 69 12 13 0.9
1112 53 9 10 75 13 12 0.94
1113 53 9 10 80 14 11 0.93
1114 53 9 10 89 15 14 0.9
1115 53 9 10 93 16 18 0.93
1116 53 9 10 99 17 18 0.92
1117 53 9 10 104 18 16 0.92
1118 53 9 10 112 19 18 0.9
1119 53 9 10 121 20 11 0.9
1120 53 9 10 123 21 23 0.9
1121 53 9 10 132 22 26 0.93
1122 53 9 10 136 23 24 1.12
1123 53 9 10 141 24 22 1.15
1124 53 9 10 151 25 18 1.11
1125 53 9 10 6 1 6 1.18
1126 53 9 10 8 2 1 1.18
1127 53 9 10 17 3 5 1.19
1128 53 9 10 23 4 5 1.16
1129 53 9 10 26 5 1 1.15
1130 56 10 6 62 11 12 0.91
1131 56 10 6 70 12 14 0.94
1132 56 10 6 75 13 12 0.9
1133 56 10 6 85 14 8 0.93
1134 56 10 6 88 15 13 0.91
1135 56 10 6 97 16 11 1.11
1136 56 10 6 100 17 19 0.91
1137 56 10 6 108 18 23 0.91
1138 56 10 6 110 19 16 0.94
1139 56 10 6 121 20 11 0.9
1140 56 10 6 127 21 16 1.1
1141 56 10 6 129 22 23 0.9
1142 56 10 6 137 23 25 1.18
1143 56 10 6 143 24 25 1.15
1144 56 10 6 146 25 21 1.1
1145 56 10 6 6 1 6 0.94
1146 56 10 6 13 2 0 1.19
1147 56 10 6 16 3 4 1.11
1148 56 10 6 20 4 1 1.11
1149 56 10 6 30 5 10 1.17
1150 57 10 7 63 11 13 0.92
1151 57 10 7 71 12 15 0.91
1152 57 10 7 77 13 15 1.16
1153 57 10 7 83 14 15 0.91
1154 57 10 7 91 15 9 0.9
1155 57 10 7 94 16 19 0.94
1156 57 10 7 101 17 20 1.14
1157 57 10 7 105 18 17 1.16
1158 57 10 7 111 19 17 1.1
1159 57 10 7 120 20 24 0.92
1160 57 10 7 124 21 24 1.13
1161 57 10 7 129 22 23 1.19
1162 57 10 7 134 23 21 1.12
1163 57 10 7 143 24 25 1.18
1164 57 10 7 150 25 26 1.12
1165 57 10 7 7 1 0 0.93
1166 57 10 7 10 2 4 0.92
1167 57 10 7 19 3 0 1.12
1168 57 10 7 24 4 7 1.15
1169 57 10 7 27 5 2 0.93
1170 58 10 8 67 11 9 1.18
1171 58 10 8 71 12 15 0.93
1172 58 10 8 79 13 6 0.92
1173 58 10 8 83 14 15 1.12
1174 58 10 8 90 15 18 0.93
1175 58 10 8 96 16 21 0.93
1176 58 10 8 101 17 20 1.12
1177 58 10 8 106 18 19 0.93
1178 58 10 8 112 19 18 1.17
1179 58 10 8 120 20 24 1.15
1180 58 10 8 125 21 25 1.14
1181 58 10 8 132 22 26 0.92
1182 58 10 8 134 23 21 1.13
1183 58 10 8 142 24 23 1.18
1184 58 10 8 148 25 23 1.13
1185 58 10 8 5 1 5 1.14
1186 58 10 8 9 2 3 1.16
1187 58 10 8 14 3 1 1.13
1188 58 10 8 22 4 3 1.1
1189 58 10 8 26 5 1 1.18
1190 59 10 9 65 11 15 1.1
1191 59 10 9 69 12 13 0.9
1192 59 10 9 78 13 18 0.9
1193 59 10 9 83 14 15 0.92
1194 59 10 9 86 15 11 0.92
1195 59 10 9 95 16 20 1.11
1196 59 10 9 98 17 16 0.93
1197 59 10 9 104 18 16 1.11
1198 59 10 9 113 19 20 0.93
1199 59 10 9 119 20 19 0.94
1200 59 10 9 125 21 25 1.11
1201 59 10 9 129 22 23 1.16
1202 59 10 9 136 23 24 0.91
1203 59 10 9 141 24 22 1.15
1204 59 10 9 150 25 26 1.19
1205 59 10 9 4 1 4 1.13
1206 59 10 9 12 2 10 1.19
1207 59 10 9 14 3 1 1.1
1208 59 10 9 21 4 2 1.14
1209 59 10 9 30 5 10 1.1
1210 62 11 12 94 16 19 0.92
1211 62 11 12 100 17 19 0.92
1212 62 11 12 104 18 16 0.91
1213 62 11 12 112 19 18 0.9
1214 62 11 12 116 20 16 0.93
1215 62 11 12 122 21 22 1.19
1216 62 11 12 129 22 23 0.91
1217 62 11 12 138 23 26 1.16
1218 62 11 12 142 24 23 0.91
1219 62 11 12 146 25 21 0.93
1220 62 11 12 4 1 4 1.12
1221 62 11 12 10 2 4 1.16
1222 62 11 12 19 3 0 0.94
1223 62 11 12 20 4 1 1.16
1224 62 11 12 30 5 10 1.11
1225 62 11 12 37 6 3 1.13
1226 62 11 12 40 7 9 1.14
1227 62 11 12 45 8 7 1.13
1228 62 11 12 55 9 1 1.12
1229 62 11 12 60 10 12 1.11
1230 63 11 13 92 16 17 0.94
1231 63 11 13 98 17 16 0.91
1232 63 11 13 104 18 16 0.91
1233 63 11 13 110 19 16 0.92
1234 63 11 13 116 20 16 0.91
1235 63 11 13 126 21 26 0.9
1236 63 11 13 132 22 26 1.12
1237 63 11 13 136 23 24 1.13
1238 63 11 13 140 24 21 1.19
1239 63 11 13 151 25 18 0.91
1240 63 11 13 7 1 0 0.92
1241 63 11 13 12 2 10 1.12
1242 63 11 13 14 3 1 0.9
1243 63 11 13 24 4 7 1.1
1244 63 11 13 29 5 4 0.9
1245 63 11 13 34 6 9 0.91
1246 63 11 13 40 7 9 0.9
1247 63 11 13 48 8 11 1.15
1248 63 11 13 50 9 6 1.12
1249 63 11 13 57 10 7 1.18
1250 64 11 14 92 16 17 0.91
1251 64 11 14 100 17 19 0.91
1252 64 11 14 105 18 17 0.93
1253 64 11 14 114 19 21 0.91
1254 64 11 14 120 20 24 0.94
1255 64 11 14 122 21 22 0.92
1256 64 11 14 128 22 21 0.92
1257 64 11 14 134 23 21 0.92
1258 64 11 14 145 24 17 0.93
1259 64 11 14 146 25 21 1.15
1260 64 11 14 4 1 4 1.11
1261 64 11 14 8 2 1 1.14
1262 64 11 14 14 3 1 0.94
1263 64 11 14 22 4 3 1.11
1264 64 11 14 28 5 3 0.91
1265 64 11 14 34 6 9 0.91
1266 64 11 14 40 7 9 1.12
1267 64 11 14 49 8 5 1.17
1268 64 11 14 50 9 6 1.14
1269 64 11 14 61 10 1 1.1
1270 65 11 15 95 16 20 0.92
1271 65 11 15 98 17 16 1.15
1272 65 11 15 109 18 13 0.91
1273 65 11 15 113 19 20 1.12
1274 65 11 15 117 20 17 0.91
1275 65 11 15 126 21 26 0.91
1276 65 11 15 131 22 25 1.15
1277 65 11 15 136 23 24 1.19
1278 65 11 15 140 24 21 0.93
1279 65 11 15 149 25 24 0.94
1280 65 11 15 5 1 5 0.94
1281 65 11 15 8 2 1 1.13
1282 65 11 15 15 3 2 1.14
1283 65 11 15 20 4 1 0.9
1284 65 11 15 28 5 3 1.19
1285 65 11 15 34 6 9 0.94
1286 65 11 15 38 7 6 1.16
1287 65 11 15 44 8 6 0.91
1288 65 11 15 53 9 10 1.18
1289 65 11 15 60 10 12 1.1
1290 68 12 11 93 16 18 1.17
1291 68 12 11 102 17 23 0.93
1292 68 12 11 105 18 17 0.91
1293 68 12 11 111 19 17 0.92
1294 68 12 11 121 20 11 0.92
1295 68 12 11 126 21 26 1.16
1296 68 12 11 130 22 24 0.92
1297 68 12 11 139 23 17 0.91
1298 68 12 11 144 24 26 0.91
1299 68 12 11 149 25 24 0.94
1300 68 12 11 6 1 6 1.18
1301 68 12 11 10 2 4 0.9
1302 68 12 11 16 3 4 0.93
1303 68 12 11 24 4 7 0.91
1304 68 12 11 29 5 4 0.93
1305 68 12 11 37 6 3 1.17
1306 68 12 11 41 7 10 1.19
1307 68 12 11 44 8 6 1.18
1308 68 12 11 51 9 7 1.12
1309 68 12 11 57 10 7 1.17
1310 69 12 13 95 16 20 0.94
1311 69 12 13 99 17 18 0.92
1312 69 12 13 105 18 17 0.94
1313 69 12 13 110 19 16 0.94
1314 69 12 13 121 20 11 0.91
1315 69 12 13 125 21 25 0.92
1316 69 12 13 129 22 23 0.94
1317 69 12 13 134 23 21 1.17
1318 69 12 13 140 24 21 1.17
1319 69 12 13 148 25 23 1.16
1320 69 12 13 2 1 2 1.15
1321 69 12 13 10 2 4 1.17
1322 69 12 13 16 3 4 0.91
1323 69 12 13 25 4 0 1.18
1324 69 12 13 31 5 0 1.1
1325 69 12 13 32 6 7 1.16
1326 69 12 13 43 7 3 0.93
1327 69 12 13 47 8 10 0.93
1328 69 12 13 54 9 15 1.17
1329 69 12 13 60 10 12 1.18
1330 70 12 14 92 16 17 0.93
1331 70 12 14 100 17 19 0.92
1332 70 12 14 108 18 23 0.93
1333 70 12 14 112 19 18 0.93
1334 70 12 14 120 20 24 0.92
1335 70 12 14 126 21 26 0.94
1336 70 12 14 128 22 21 0.9
1337 70 12 14 135 23 22 1.16
1338 70 12 14 145 24 17 1.14
1339 70 12 14 149 25 24 0.92
1340 70 12 14 2 1 2 1.17
1341 70 12 14 11 2 5 1.19
1342 70 12 14 19 3 0 1.12
1343 70 12 14 20 4 1 1.13
1344 70 12 14 29 5 4 1.13
1345 70 12 14 33 6 8 1.11
1346 70 12 14 41 7 10 0.92
1347 70 12 14 44 8 6 0.9
1348 70 12 14 52 9 8 1.17
1349 70 12 14 59 10 9 1.17
1350 71 12 15 95 16 20 0.94
1351 71 12 15 103 17 13 0.9
1352 71 12 15 104 18 16 0.9
1353 71 12 15 111 19 17 0.94
1354 71 12 15 116 20 16 1.17
1355 71 12 15 125 21 25 0.92
1356 71 12 15 133 22 16 1.19
1357 71 12 15 139 23 17 1.17
1358 71 12 15 143 24 25 1.17
1359 71 12 15 151 25 18 0.93
1360 71 12 15 5 1 5 0.94
1361 71 12 15 8 2 1 1.1
1362 71 12 15 15 3 2 1.13
1363 71 12 15 22 4 3 1.17
1364 71 12 15 27 5 2 1.15
1365 71 12 15 35 6 10 1.16
1366 71 12 15 43 7 3 1.13
1367 71 12 15 46 8 9 0.91
1368 71 12 15 53 9 10 1.18
1369 71 12 15 60 10 12 0.92
1370 74 13 11 95 16 20 1.16
1371 74 13 11 103 17 13 0.9
1372 74 13 11 108 18 23 0.93
1373 74 13 11 114 19 21 0.94
1374 74 13 11 121 20 11 1.18
1375 74 13 11 127 21 16 0.9
1376 74 13 11 130 22 24 0.93
1377 74 13 11 137 23 25 0.91
1378 74 13 11 145 24 17 0.92
1379 74 13 11 147 25 22 0.91
1380 74 13 11 2 1 2 1.11
1381 74 13 11 13 2 0 1.12
1382 74 13 11 16 3 4 1.1
1383 74 13 11 22 4 3 1.16
1384 74 13 11 29 5 4 1.18
1385 74 13 11 34 6 9 0.94
1386 74 13 11 43 7 3 1.16
1387 74 13 11 49 8 5 1.1
1388 74 13 11 51 9 7 0.9
1389 74 13 11 57 10 7 0.9
1390 75 13 12 94 16 19 0.92
1391 75 13 12 98 17 16 0.9
1392 75 13 12 105 18 17 1.12
1393 75 13 12 112 19 18 0.91
1394 75 13 12 119 20 19 0.9
1395 75 13 12 124 21 24 1.19
1396 75 13 12 132 22 26 0.94
1397 75 13 12 139 23 17 1.1
1398 75 13 12 144 24 26 1.18
1399 75 13 12 146 25 21 0.92
1400 75 13 12 2 1 2 1.15
1401 75 13 12 12 2 10 1.12
1402 75 13 12 15 3 2 1.1
1403 75 13 12 25 4 0 1.16
1404 75 13 12 31 5 0 1.17
1405 75 13 12 35 6 10 1.13
1406 75 13 12 42 7 14 1.16
1407 75 13 12 45 8 7 1.15
1408 75 13 12 50 9 6 1.17
1409 75 13 12 61 10 1 1.16
1410 76 13 14 93 16 18 0.93
1411 76 13 14 101 17 20 1.12
1412 76 13 14 105 18 17 1.15
1413 76 13 14 113 19 20 0.9
1414 76 13 14 121 20 11 0.9
1415 76 13 14 126 21 26 1.18
1416 76 13 14 128 22 21 1.19
1417 76 13 14 134 23 21 1.13
1418 76 13 14 141 24 22 0.92
1419 76 13 14 151 25 18 1.12
1420 76 13 14 4 1 4 1.15
1421 76 13 14 12 2 10 1.19
1422 76 13 14 15 3 2 1.15
1423 76 13 14 22 4 3 1.18
1424 76 13 14 31 5 0 1.11
1425 76 13 14 37 6 3 1.15
1426 76 13 14 40 7 9 1.12
1427 76 13 14 48 8 11 0.9
1428 76 13 14 51 9 7 1.11
1429 76 13 14 57 10 7 1.19
1430 77 13 15 97 16 11 0.9
1431 77 13 15 99 17 18 1.14
1432 77 13 15 109 18 13 0.9
1433 77 13 15 113 19 20 0.93
1434 77 13 15 117 20 17 0.91
1435 77 13 15 124 21 24 1.1
1436 77 13 15 130 22 24 1.1
1437 77 13 15 139 23 17 0.92
1438 77 13 15 141 24 22 0.9
1439 77 13 15 146 25 21 1.13
1440 77 13 15 6 1 6 0.92
1441 77 13 15 10 2 4 1.17
1442 77 13 15 17 3 5 1.19
1443 77 13 15 21 4 2 0.94
1444 77 13 15 31 5 0 1.18
1445 77 13 15 33 6 8 1.12
1446 77 13 15 39 7 8 0.92
1447 77 13 15 49 8 5 1.19
1448 77 13 15 52 9 8 1.17
1449 77 13 15 59 10 9 1.13
1450 80 14 11 93 16 18 0.9
1451 80 14 11 98 17 16 1.13
1452 80 14 11 109 18 13 1.19
1453 80 14 11 113 19 20 0.94
1454 80 14 11 120 20 24 0.9
1455 80 14 11 126 21 26 1.14
1456 80 14 11 128 22 21 1.1
1457 80 14 11 135 23 22 0.9
1458 80 14 11 142 24 23 0.9
1459 80 14 11 150 25 26 0.94
1460 80 14 11 2 1 2 1.12
1461 80 14 11 9 2 3 0.9
1462 80 14 11 15 3 2 0.91
1463 80 14 11 22 4 3 0.93
1464 80 14 11 29 5 4 0.93
1465 80 14 11 33 6 8 1.17
1466 80 14 11 42 7 14 1.15
1467 80 14 11 46 8 9 1.12
1468 80 14 11 54 9 15 1.13
1469 80 14 11 58 10 8 1.17
1470 81 14 12 92 16 17 0.91
1471 81 14 12 98 17 16 0.92
1472 81 14 12 108 18 23 1.13
1473 81 14 12 111 19 17 0.91
1474 81 14 12 118 20 18 1.12
1475 81 14 12 127 21 16 0.9
1476 81 14 12 133 22 16 0.9
1477 81 14 12 139 23 17 1.17
1478 81 14 12 141 24 22 0.92
1479 81 14 12 146 25 21 1.13
1480 81 14 12 4 1 4 1.13
1481 81 14 12 13 2 0 1.19
1482 81 14 12 17 3 5 1.12
1483 81 14 12 25 4 0 1.11
1484 81 14 12 30 5 10 1.15
1485 81 14 12 36 6 13 0.92
1486 81 14 12 38 7 6 1.19
1487 81 14 12 48 8 11 1.12
1488 81 14 12 50 9 6 1.13
1489 81 14 12 59 10 9 0.93
1490 82 14 13 95 16 20 0.9
1491 82 14 13 101 17 20 1.14
1492 82 14 13 105 18 17 0.92
1493 82 14 13 114 19 21 1.14
1494 82 14 13 120 20 24 0.9
1495 82 14 13 123 21 23 1.1
1496 82 14 13 130 22 24 1.17
1497 82 14 13 137 23 25 1.16
1498 82 14 13 141 24 22 0.91
1499 82 14 13 148 25 23 1.14
1500 82 14 13 4 1 4 0.94
1501 82 14 13 12 2 10 0.91
1502 82 14 13 17 3 5 0.93
1503 82 14 13 24 4 7 1.14
1504 82 14 13 27 5 2 1.11
1505 82 14 13 37 6 3 1.14
1506 82 14 13 42 7 14 0.93
1507 82 14 13 48 8 11 1.11
1508 82 14 13 54 9 15 0.94
1509 82 14 13 58 10 8 1.12
1510 83 14 15 93 16 18 0.93
1511 83 14 15 101 17 20 1.13
1512 83 14 15 104 18 16 0.92
1513 83 14 15 115 19 14 0.93
1514 83 14 15 120 20 24 0.9
1515 83 14 15 124 21 24 1.13
1516 83 14 15 128 22 21 0.94
1517 83 14 15 134 23 21 1.16
1518 83 14 15 141 24 22 1.18
1519 83 14 15 146 25 21 1.12
1520 83 14 15 4 1 4 0.92
1521 83 14 15 12 2 10 0.93
1522 83 14 15 18 3 6 1.16
1523 83 14 15 21 4 2 0.93
1524 83 14 15 28 5 3 0.92
1525 83 14 15 36 6 13 1.18
1526 83 14 15 42 7 14 1.18
1527 83 14 15 45 8 7 1.17
1528 83 14 15 50 9 6 1.1
1529 83 14 15 57 10 7 1.14
1530 86 15 11 94 16 19 0.91
1531 86 15 11 102 17 23 1.15
1532 86 15 11 108 18 23 0.94
1533 86 15 11 110 19 16 1.1
1534 86 15 11 119 20 19 0.92
1535 86 15 11 122 21 22 0.92
1536 86 15 11 132 22 26 1.17
1537 86 15 11 138 23 26 1.15
1538 86 15 11 141 24 22 0.91
1539 86 15 11 151 25 18 0.9
1540 86 15 11 5 1 5 0.94
1541 86 15 11 8 2 1 0.93
1542 86 15 11 17 3 5 0.92
1543 86 15 11 22 4 3 0.94
1544 86 15 11 28 5 3 0.92
1545 86 15 11 32 6 7 1.11
1546 86 15 11 39 7 8 1.16
1547 86 15 11 44 8 6 0.91
1548 86 15 11 50 9 6 0.93
1549 86 15 11 56 10 6 1.18
1550 87 15 12 96 16 21 0.92
1551 87 15 12 100 17 19 1.14
1552 87 15 12 106 18 19 0.94
1553 87 15 12 115 19 14 0.94
1554 87 15 12 118 20 18 0.94
1555 87 15 12 123 21 23 1.1
1556 87 15 12 128 22 21 1.18
1557 87 15 12 134 23 21 1.1
1558 87 15 12 142 24 23 0.92
1559 87 15 12 151 25 18 1.1
1560 87 15 12 2 1 2 1.14
1561 87 15 12 11 2 5 1.16
1562 87 15 12 19 3 0 0.94
1563 87 15 12 20 4 1 0.92
1564 87 15 12 26 5 1 1.19
1565 87 15 12 34 6 9 1.16
1566 87 15 12 43 7 3 1.13
1567 87 15 12 44 8 6 0.91
1568 87 15 12 51 9 7 0.93
1569 87 15 12 57 10 7 1.12
1570 88 15 13 97 16 11 0.92
1571 88 15 13 100 17 19 0.91
1572 88 15 13 105 18 17 0.94
1573 88 15 13 115 19 14 0.93
1574 88 15 13 121 20 11 0.92
1575 88 15 13 125 21 25 0.9
1576 88 15 13 129 22 23 0.94
1577 88 15 13 137 23 25 1.16
1578 88 15 13 141 24 22 0.94
1579 88 15 13 151 25 18 0.94
1580 88 15 13 6 1 6 0.94
1581 88 15 13 10 2 4 1.13
1582 88 15 13 15 3 2 1.13
1583 88 15 13 22 4 3 1.14
1584 88 15 13 30 5 10 0.91
1585 88 15 13 34 6 9 1.18
1586 88 15 13 39 7 8 1.17
1587 88 15 13 45 8 7 1.12
1588 88 15 13 50 9 6 1.15
1589 88 15 13 56 10 6 1.16
1590 89 15 14 97 16 11 1.17
1591 89 15 14 101 17 20 0.92
1592 89 15 14 107 18 20 0.94
1593 89 15 14 112 19 18 0.91
1594 89 15 14 120 20 24 0.93
1595 89 15 14 126 21 26 0.93
1596 89 15 14 128 22 21 1.11
1597 89 15 14 138 23 26 1.17
1598 89 15 14 145 24 17 1.18
1599 89 15 14 151 25 18 0.92
1600 89 15 14 5 1 5 0.9
1601 89 15 14 8 2 1 0.94
1602 89 15 14 17 3 5 0.91
1603 89 15 14 24 4 7 1.15
1604 89 15 14 29 5 4 0.93
1605 89 15 14 34 6 9 1.16
1606 89 15 14 41 7 10 1.15
1607 89 15 14 48 8 11 1.13
1608 89 15 14 50 9 6 1.16
1609 89 15 14 61 10 1 1.14
1610 92 16 17 122 21 22 0.94
1611 92 16 17 128 22 21 0.9
1612 92 16 17 136 23 24 0.9
1613 92 16 17 143 24 25 0.94
1614 92 16 17 146 25 21 1.13
1615 92 16 17 4 1 4 0.94
1616 92 16 17 9 2 3 0.91
1617 92 16 17 17 3 5 0.94
1618 92 16 17 24 4 7 1.19
1619 92 16 17 31 5 0 0.91
1620 92 16 17 35 6 10 0.92
1621 92 16 17 41 7 10 1.18
1622 92 16 17 48 8 11 1.1
1623 92 16 17 51 9 7 0.94
1624 92 16 17 61 10 1 1.12
1625 92 16 17 63 11 13 1.13
1626 92 16 17 72 12 20 1.18
1627 92 16 17 74 13 11 1.19
1628 92 16 17 80 14 11 1.11
1629 92 16 17 87 15 12 1.17
1630 93 16 18 123 21 23 0.92
1631 93 16 18 132 22 26 0.92
1632 93 16 18 138 23 26 0.94
1633 93 16 18 142 24 23 1.14
1634 93 16 18 148 25 23 0.91
1635 93 16 18 5 1 5 0.92
1636 93 16 18 12 2 10 0.91
1637 93 16 18 18 3 6 0.92
1638 93 16 18 24 4 7 0.93
1639 93 16 18 27 5 2 0.9
1640 93 16 18 33 6 8 1.13
1641 93 16 18 43 7 3 1.18
1642 93 16 18 49 8 5 1.15
1643 93 16 18 54 9 15 0.9
1644 93 16 18 58 10 8 0.93
1645 93 16 18 62 11 12 1.13
1646 93 16 18 70 12 14 1.12
1647 93 16 18 74 13 11 0.94
1648 93 16 18 82 14 13 1.14
1649 93 16 18 89 15 14 1.18
1650 94 16 19 126 21 26 1.19
1651 94 16 19 132 22 26 0.92
1652 94 16 19 135 23 22 0.91
1653 94 16 19 141 24 22 0.91
1654 94 16 19 147 25 22 0.91
1655 94 16 19 5 1 5 0.91
1656 94 16 19 8 2 1 1.17
1657 94 16 19 15 3 2 1.13
1658 94 16 19 25 4 0 1.15
1659 94 16 19 26 5 1 0.92
1660 94 16 19 37 6 3 1.16
1661 94 16 19 43 7 3 1.16
1662 94 16 19 47 8 10 0.94
1663 94 16 19 52 9 8 1.18
1664 94 16 19 60 10 12 1.16
1665 94 16 19 65 11 15 1.12
1666 94 16 19 72 12 20 1.15
1667 94 16 19 75 13 12 1.14
1668 94 16 19 84 14 19 0.91
1669 94 16 19 87 15 12 1.19
1670 95 16 20 127 21 16 0.93
1671 95 16 20 131 22 25 0.94
1672 95 16 20 135 23 22 0.91
1673 95 16 20 145 24 17 0.94
1674 95 16 20 149 25 24 0.93
1675 95 16 20 3 1 3 1.14
1676 95 16 20 13 2 0 0.92
1677 95 16 20 19 3 0 0.9
1678 95 16 20 24 4 7 0.94
1679 95 16 20 26 5 1 0.91
1680 95 16 20 32 6 7 1.1
1681 95 16 20 38 7 6 0.91
1682 95 16 20 49 8 5 0.94
1683 95 16 20 54 9 15 0.9
1684 95 16 20 57 10 7 1.17
1685 95 16 20 66 11 19 1.11
1686 95 16 20 68 12 11 1.11
1687 95 16 20 78 13 18 1.17
1688 95 16 20 80 14 11 1.1
1689 95 16 20 86 15 11 0.94
1690 98 17 16 127 21 16 0.91
1691 98 17 16 133 22 16 1.14
1692 98 17 16 135 23 22 0.9
1693 98 17 16 143 24 25 0.93
1694 98 17 16 146 25 21 0.91
1695 98 17 16 7 1 0 0.9
1696 98 17 16 10 2 4 0.91
1697 98 17 16 15 3 2 0.93
1698 98 17 16 21 4 2 0.93
1699 98 17 16 31 5 0 0.91
1700 98 17 16 34 6 9 0.91
1701 98 17 16 41 7 10 1.15
1702 98 17 16 47 8 10 0.91
1703 98 17 16 51 9 7 1.14
1704 98 17 16 59 10 9 0.91
1705 98 17 16 65 11 15 1.14
1706 98 17 16 71 12 15 1.15
1707 98 17 16 78 13 18 1.18
1708 98 17 16 84 14 19 1.13
1709 98 17 16 89 15 14 0.9
1710 99 17 18 124 21 24 0.93
1711 99 17 18 129 22 23 0.9
1712 99 17 18 139 23 17 0.9
1713 99 17 18 140 24 21 0.9
1714 99 17 18 146 25 21 0.93
1715 99 17 18 2 1 2 1.14
1716 99 17 18 9 2 3 0.9
1717 99 17 18 17 3 5 0.92
1718 99 17 18 25 4 0 1.15
1719 99 17 18 31 5 0 1.18
1720 99 17 18 37 6 3 1.13
1721 99 17 18 38 7 6 1.18
1722 99 17 18 44 8 6 0.92
1723 99 17 18 54 9 15 1.17
1724 99 17 18 57 10 7 0.91
1725 99 17 18 65 11 15 1.13
1726 99 17 18 69 12 13 0.91
1727 99 17 18 75 13 12 1.15
1728 99 17 18 82 14 13 1.11
1729 99 17 18 88 15 13 0.92
1730 100 17 19 125 21 25 0.92
1731 100 17 19 132 22 26 0.93
1732 100 17 19 135 23 22 0.9
1733 100 17 19 142 24 23 0.92
1734 100 17 19 146 25 21 0.92
1735 100 17 19 6 1 6 0.9
1736 100 17 19 12 2 10 1.18
1737 100 17 19 15 3 2 1.18
1738 100 17 19 22 4 3 0.9
1739 100 17 19 28 5 3 0.92
1740 100 17 19 36 6 13 1.18
1741 100 17 19 39 7 8 0.94
1742 100 17 19 47 8 10 1.14
1743 100 17 19 52 9 8 1.19
1744 100 17 19 58 10 8 1.1
1745 100 17 19 63 11 13 1.16
1746 100 17 19 68 12 11 0.94
1747 100 17 19 75 13 12 1.11
1748 100 17 19 80 14 11 1.12
1749 100 17 19 88 15 13 1.19
1750 101 17 20 123 21 23 0.92
1751 101 17 20 128 22 21 0.91
1752 101 17 20 139 23 17 1.16
1753 101 17 20 143 24 25 0.93
1754 101 17 20 148 25 23 0.92
1755 101 17 20 6 1 6 1.14
1756 101 17 20 13 2 0 0.92
1757 101 17 20 15 3 2 0.93
1758 101 17 20 22 4 3 0.92
1759 101 17 20 28 5 3 1.14
1760 101 17 20 37 6 3 1.17
1761 101 17 20 38 7 6 0.92
1762 101 17 20 45 8 7 0.9
1763 101 17 20 55 9 1 0.91
1764 101 17 20 61 10 1 1.11
1765 101 17 20 62 11 12 1.16
1766 101 17 20 69 12 13 1.19
1767 101 17 20 78 13 18 0.93
1768 101 17 20 82 14 13 1.13
1769 101 17 20 89 15 14 1.19
1770 104 18 16 126 21 26 0.93
1771 104 18 16 131 22 25 1.18
1772 104 18 16 138 23 26 1.13
1773 104 18 16 141 24 22 0.94
1774 104 18 16 150 25 26 1.14
1775 104 18 16 7 1 0 0.93
1776 104 18 16 10 2 4 1.12
1777 104 18 16 15 3 2 1.13
1778 104 18 16 24 4 7 1.19
1779 104 18 16 30 5 10 0.94
1780 104 18 16 35 6 10 1.19
1781 104 18 16 41 7 10 1.18
1782 104 18 16 48 8 11 0.91
1783 104 18 16 52 9 8 1.16
1784 104 18 16 57 10 7 1.15
1785 104 18 16 65 11 15 1.17
1786 104 18 16 73 12 8 1.11
1787 104 18 16 76 13 14 0.94
1788 104 18 16 85 14 8 1.19
1789 104 18 16 89 15 14 1.14
1790 105 18 17 125 21 25 0.93
1791 105 18 17 130 22 24 0.94
1792 105 18 17 135 23 22 0.94
1793 105 18 17 144 24 26 0.91
1794 105 18 17 150 25 26 0.92
1795 105 18 17 3 1 3 0.91
1796 105 18 17 9 2 3 0.94
1797 105 18 17 15 3 2 0.94
1798 105 18 17 23 4 5 0.91
1799 105 18 17 28 5 3 1.14
1800 105 18 17 36 6 13 0.94
1801 105 18 17 42 7 14 1.18
1802 105 18 17 49 8 5 1.13
1803 105 18 17 50 9 6 1.16
1804 105 18 17 59 10 9 1.13
1805 105 18 17 63 11 13 1.18
1806 105 18 17 68 12 11 0.9
1807 105 18 17 76 13 14 1.11
1808 105 18 17 85 14 8 1.14
1809 105 18 17 87 15 12 1.13
1810 106 18 19 125 21 25 0.94
1811 106 18 19 129 22 23 0.92
1812 106 18 19 137 23 25 0.92
1813 106 18 19 143 24 25 0.94
1814 106 18 19 146 25 21 1.17
1815 106 18 19 7 1 0 0.92
1816 106 18 19 13 2 0 0.91
1817 106 18 19 16 3 4 1.18
1818 106 18 19 24 4 7 0.93
1819 106 18 19 26 5 1 0.93
1820 106 18 19 32 6 7 0.9
1821 106 18 19 40 7 9 1.14
1822 106 18 19 47 8 10 0.94
1823 106 18 19 55 9 1 1.13
1824 106 18 19 56 10 6 1.14
1825 106 18 19 66 11 19 1.11
1826 106 18 19 73 12 8 1.12
1827 106 18 19 74 13 11 1.18
1828 106 18 19 80 14 11 1.13
1829 106 18 19 86 15 11 1.17
1830 107 18 20 123 21 23 1.1
1831 107 18 20 133 22 16 1.17
1832 107 18 20 138 23 26 0.93
1833 107 18 20 142 24 23 0.91
1834 107 18 20 146 25 21 0.9
1835 107 18 20 2 1 2 0.94
1836 107 18 20 12 2 10 0.9
1837 107 18 20 14 3 1 0.91
1838 107 18 20 20 4 1 0.94
1839 107 18 20 27 5 2 0.94
1840 107 18 20 36 6 13 1.16
1841 107 18 20 38 7 6 0.93
1842 107 18 20 46 8 9 0.94
1843 107 18 20 52 9 8 0.93
1844 107 18 20 56 10 6 0.9
1845 107 18 20 67 11 9 1.1
1846 107 18 20 72 12 20 1.16
1847 107 18 20 74 13 11 1.18
1848 107 18 20 84 14 19 0.9
1849 107 18 20 91 15 9 1.11
1850 110 19 16 125 21 25 0.92
1851 110 19 16 129 22 23 0.94
1852 110 19 16 136 23 24 0.91
1853 110 19 16 143 24 25 1.19
1854 110 19 16 150 25 26 0.91
1855 110 19 16 5 1 5 0.92
1856 110 19 16 13 2 0 0.9
1857 110 19 16 17 3 5 1.15
1858 110 19 16 23 4 5 0.94
1859 110 19 16 31 5 0 0.94
1860 110 19 16 36 6 13 1.16
1861 110 19 16 42 7 14 1.18
1862 110 19 16 48 8 11 0.92
1863 110 19 16 54 9 15 1.17
1864 110 19 16 60 10 12 1.19
1865 110 19 16 67 11 9 1.14
1866 110 19 16 69 12 13 1.14
1867 110 19 16 79 13 6 1.19
1868 110 19 16 84 14 19 1.12
1869 110 19 16 86 15 11 0.92
1870 111 19 17 125 21 25 0.92
1871 111 19 17 133 22 16 0.92
1872 111 19 17 138 23 26 1.14
1873 111 19 17 145 24 17 0.92
1874 111 19 17 150 25 26 0.91
1875 111 19 17 6 1 6 0.93
1876 111 19 17 13 2 0 1.13
1877 111 19 17 14 3 1 0.9
1878 111 19 17 20 4 1 1.13
1879 111 19 17 29 5 4 1.15
1880 111 19 17 36 6 13 0.94
1881 111 19 17 39 7 8 0.91
1882 111 19 17 48 8 11 1.16
1883 111 19 17 51 9 7 0.92
1884 111 19 17 61 10 1 0.92
1885 111 19 17 62 11 12 1.16
1886 111 19 17 73 12 8 1.16
1887 111 19 17 74 13 11 0.92
1888 111 19 17 83 14 15 1.19
1889 111 19 17 91 15 9 1.1
1890 112 19 18 122 21 22 0.94
1891 112 19 18 132 22 26 1.15
1892 112 19 18 138 23 26 0.91
1893 112 19 18 141 24 22 0.92
1894 112 19 18 148 25 23 1.14
1895 112 19 18 4 1 4 0.91
1896 112 19 18 9 2 3 0.94
1897 112 19 18 17 3 5 0.93
1898 112 19 18 22 4 3 1.13
1899 112 19 18 27 5 2 1.11
1900 112 19 18 34 6 9 0.92
1901 112 19 18 39 7 8 1.1
1902 112 19 18 45 8 7 0.92
1903 112 19 18 53 9 10 1.12
1904 112 19 18 60 10 12 0.9
1905 112 19 18 66 11 19 1.11
1906 112 19 18 69 12 13 1.17
1907 112 19 18 77 13 15 1.1
1908 112 19 18 83 14 15 1.11
1909 112 19 18 90 15 18 1.11
1910 113 19 20 122 21 22 0.94
1911 113 19 20 128 22 21 0.93
1912 113 19 20 138 23 26 0.93
1913 113 19 20 142 24 23 0.94
1914 113 19 20 147 25 22 1.15
1915 113 19 20 2 1 2 1.14
1916 113 19 20 11 2 5 0.9
1917 113 19 20 15 3 2 0.93
1918 113 19 20 22 4 3 0.9
1919 113 19 20 31 5 0 0.92
1920 113 19 20 35 6 10 0.9
1921 113 19 20 38 7 6 0.91
1922 113 19 20 44 8 6 0.91
1923 113 19 20 55 9 1 1.16
1924 113 19 20 61 10 1 1.12
1925 113 19 20 63 11 13 0.9
1926 113 19 20 70 12 14 0.92
1927 113 19 20 76 13 14 1.13
1928 113 19 20 85 14 8 0.9
1929 113 19 20 91 15 9 1.19
1930 116 20 16 125 21 25 0.92
1931 116 20 16 128 22 21 0.94
1932 116 20 16 139 23 17 0.91
1933 116 20 16 140 24 21 0.9
1934 116 20 16 148 25 23 1.1
1935 116 20 16 3 1 3 0.93
1936 116 20 16 13 2 0 0.9
1937 116 20 16 15 3 2 1.18
1938 116 20 16 20 4 1 0.94
1939 116 20 16 26 5 1 0.91
1940 116 20 16 36 6 13 1.16
1941 116 20 16 38 7 6 1.13
1942 116 20 16 49 8 5 1.17
1943 116 20 16 52 9 8 0.91
1944 116 20 16 61 10 1 1.18
1945 116 20 16 64 11 14 1.11
1946 116 20 16 70 12 14 1.1
1947 116 20 16 75 13 12 1.18
1948 116 20 16 83 14 15 1.1
1949 116 20 16 90 15 18 1.11
1950 117 20 17 122 21 22 0.92
1951 117 20 17 131 22 25 0.9
1952 117 20 17 138 23 26 0.93
1953 117 20 17 142 24 23 0.94
1954 117 20 17 150 25 26 1.18
1955 117 20 17 6 1 6 1.14
1956 117 20 17 12 2 10 0.94
1957 117 20 17 19 3 0 0.93
1958 117 20 17 25 4 0 1.14
1959 117 20 17 27 5 2 0.93
1960 117 20 17 32 6 7 1.18
1961 117 20 17 41 7 10 1.17
1962 117 20 17 48 8 11 0.92
1963 117 20 17 54 9 15 0.93
1964 117 20 17 57 10 7 0.91
1965 117 20 17 64 11 14 1.14
1966 117 20 17 70 12 14 1.12
1967 117 20 17 77 13 15 1.14
1968 117 20 17 85 14 8 1.18
1969 117 20 17 86 15 11 0.9
1970 118 20 18 123 21 23 0.94
1971 118 20 18 133 22 16 1.13
1972 118 20 18 136 23 24 0.94
1973 118 20 18 142 24 23 0.91
1974 118 20 18 147 25 22 1.18
1975 118 20 18 4 1 4 1.19
1976 118 20 18 13 2 0 0.94
1977 118 20 18 17 3 5 1.1
1978 118 20 18 23 4 5 1.1
1979 118 20 18 31 5 0 1.17
1980 118 20 18 32 6 7 1.11
1981 118 20 18 43 7 3 1.16
1982 118 20 18 48 8 11 0.9
1983 118 20 18 52 9 8 1.17
1984 118 20 18 61 10 1 0.94
1985 118 20 18 63 11 13 1.15
1986 118 20 18 72 12 20 1.15
1987 118 20 18 77 13 15 1.13
1988 118 20 18 82 14 13 1.13
1989 118 20 18 89 15 14 1.16
1990 119 20 19 124 21 24 0.94
1991 119 20 19 130 22 24 0.92
1992 119 20 19 138 23 26 0.92
1993 119 20 19 145 24 17 0.92
1994 119 20 19 146 25 21 1.14
1995 119 20 19 6 1 6 0.93
1996 119 20 19 9 2 3 1.16
1997 119 20 19 19 3 0 1.16
1998 119 20 19 24 4 7 1.12
1999 119 20 19 29 5 4 0.91
2000 119 20 19 33 6 8 0.92
2001 119 20 19 38 7 6 1.19
2002 119 20 19 48 8 11 0.94
2003 119 20 19 52 9 8 1.18
2004 119 20 19 61 10 1 1.15
2005 119 20 19 65 11 15 1.12
2006 119 20 19 73 12 8 0.9
2007 119 20 19 74 13 11 0.9
2008 119 20 19 85 14 8 1.1
2009 119 20 19 86 15 11 1.16
2010 122 21 22 4 1 4 0.93
2011 122 21 22 12 2 10 0.93
2012 122 21 22 15 3 2 1.12
2013 122 21 22 21 4 2 0.91
2014 122 21 22 30 5 10 0.92
2015 122 21 22 36 6 13 0.91
2016 122 21 22 41 7 10 0.92
2017 122 21 22 49 8 5 0.93
2018 122 21 22 54 9 15 1.13
2019 122 21 22 57 10 7 0.94
2020 122 21 22 64 11 14 1.19
2021 122 21 22 70 12 14 1.12
2022 122 21 22 77 13 15 1.15
2023 122 21 22 83 14 15 1.12
2024 122 21 22 87 15 12 1.15
2025 122 21 22 94 16 19 1.19
2026 122 21 22 102 17 23 1.13
2027 122 21 22 106 18 19 0.92
2028 122 21 22 113 19 20 0.93
2029 122 21 22 117 20 17 1.13
2030 123 21 23 5 1 5 0.9
2031 123 21 23 9 2 3 0.94
2032 123 21 23 15 3 2 0.92
2033 123 21 23 21 4 2 0.94
2034 123 21 23 30 5 10 0.91
2035 123 21 23 37 6 3 1.12
2036 123 21 23 41 7 10 0.91
2037 123 21 23 47 8 10 1.14
2038 123 21 23 50 9 6 0.93
2039 123 21 23 58 10 8 1.15
2040 123 21 23 62 11 12 0.93
2041 123 21 23 73 12 8 1.1
2042 123 21 23 79 13 6 0.93
2043 123 21 23 84 14 19 0.92
2044 123 21 23 91 15 9 0.91
2045 123 21 23 92 16 17 0.91
2046 123 21 23 102 17 23 0.94
2047 123 21 23 107 18 20 0.91
2048 123 21 23 113 19 20 0.94
2049 123 21 23 117 20 17 1.16
2050 124 21 24 5 1 5 1.1
2051 124 21 24 12 2 10 0.92
2052 124 21 24 17 3 5 0.93
2053 124 21 24 21 4 2 0.93
2054 124 21 24 28 5 3 1.15
2055 124 21 24 35 6 10 1.19
2056 124 21 24 42 7 14 0.93
2057 124 21 24 49 8 5 0.92
2058 124 21 24 50 9 6 0.9
2059 124 21 24 59 10 9 0.92
2060 124 21 24 63 11 13 0.94
2061 124 21 24 71 12 15 0.92
2062 124 21 24 78 13 18 1.17
2063 124 21 24 82 14 13 1.14
2064 124 21 24 87 15 12 1.18
2065 124 21 24 94 16 19 1.19
2066 124 21 24 103 17 13 1.16
2067 124 21 24 104 18 16 1.17
2068 124 21 24 113 19 20 1.11
2069 124 21 24 120 20 24 1.13
2070 125 21 25 2 1 2 0.92
2071 125 21 25 9 2 3 0.91
2072 125 21 25 14 3 1 0.94
2073 125 21 25 24 4 7 0.94
2074 125 21 25 28 5 3 0.9
2075 125 21 25 37 6 3 1.1
2076 125 21 25 40 7 9 0.93
2077 125 21 25 49 8 5 0.91
2078 125 21 25 52 9 8 1.14
2079 125 21 25 60 10 12 1.15
2080 125 21 25 66 11 19 1.13
2081 125 21 25 70 12 14 1.1
2082 125 21 25 78 13 18 0.92
2083 125 21 25 80 14 11 1.15
2084 125 21 25 88 15 13 1.16
2085 125 21 25 92 16 17 0.93
2086 125 21 25 102 17 23 1.13
2087 125 21 25 106 18 19 1.12
2088 125 21 25 111 19 17 1.12
2089 125 21 25 119 20 19 0.91
2090 128 22 21 4 1 4 0.92
2091 128 22 21 12 2 10 0.94
2092 128 22 21 17 3 5 0.94
2093 128 22 21 23 4 5 0.94
2094 128 22 21 31 5 0 0.92
2095 128 22 21 35 6 10 1.15
2096 128 22 21 43 7 3 1.18
2097 128 22 21 45 8 7 0.9
2098 128 22 21 50 9 6 1.18
2099 128 22 21 60 10 12 1.13
2100 128 22 21 63 11 13 1.16
2101 128 22 21 70 12 14 0.9
2102 128 22 21 74 13 11 1.12
2103 128 22 21 80 14 11 1.16
2104 128 22 21 87 15 12 0.9
2105 128 22 21 95 16 20 1.11
2106 128 22 21 101 17 20 1.17
2107 128 22 21 109 18 13 1.11
2108 128 22 21 110 19 16 0.91
2109 128 22 21 118 20 18 1.13
2110 129 22 23 5 1 5 1.16
2111 129 22 23 13 2 0 0.91
2112 129 22 23 17 3 5 0.91
2113 129 22 23 23 4 5 0.94
2114 129 22 23 31 5 0 0.91
2115 129 22 23 36 6 13 0.9
2116 129 22 23 41 7 10 1.15
2117 129 22 23 48 8 11 0.92
2118 129 22 23 50 9 6 1.13
2119 129 22 23 57 10 7 1.19
2120 129 22 23 62 11 12 0.91
2121 129 22 23 69 12 13 0.91
2122 129 22 23 74 13 11 0.9
2123 129 22 23 85 14 8 1.16
2124 129 22 23 87 15 12 1.1
2125 129 22 23 95 16 20 1.13
2126 129 22 23 100 17 19 0.92
2127 129 22 23 105 18 17 1.11
2128 129 22 23 110 19 16 1.13
2129 129 22 23 117 20 17 1.19
2130 130 22 24 3 1 3 0.9
2131 130 22 24 12 2 10 1.14
2132 130 22 24 17 3 5 0.92
2133 130 22 24 22 4 3 0.93
2134 130 22 24 26 5 1 0.92
2135 130 22 24 37 6 3 0.91
2136 130 22 24 38 7 6 0.9
2137 130 22 24 44 8 6 0.91
2138 130 22 24 53 9 10 0.9
2139 130 22 24 56 10 6 1.13
2140 130 22 24 65 11 15 0.92
2141 130 22 24 73 12 8 1.1
2142 130 22 24 78 13 18 0.91
2143 130 22 24 82 14 13 0.94
2144 130 22 24 91 15 9 0.93
2145 130 22 24 94 16 19 0.92
2146 130 22 24 100 17 19 1.19
2147 130 22 24 109 18 13 1.1
2148 130 22 24 114 19 21 1.19
2149 130 22 24 119 20 19 0.9
2150 131 22 25 3 1 3 0.93
2151 131 22 25 11 2 5 1.17
2152 131 22 25 19 3 0 0.9
2153 131 22 25 20 4 1 0.93
2154 131 22 25 27 5 2 0.93
2155 131 22 25 33 6 8 0.92
2156 131 22 25 40 7 9 0.91
2157 131 22 25 48 8 11 0.91
2158 131 22 25 50 9 6 0.91
2159 131 22 25 61 10 1 1.1
2160 131 22 25 62 11 12 1.11
2161 131 22 25 68 12 11 0.91
2162 131 22 25 79 13 6 1.17
2163 131 22 25 83 14 15 1.18
2164 131 22 25 90 15 18 1.15
2165 131 22 25 96 16 21 1.13
2166 131 22 25 98 17 16 1.17
2167 131 22 25 108 18 23 0.9
2168 131 22 25 115 19 14 0.93
2169 131 22 25 117 20 17 0.94
2170 134 23 21 7 1 0 0.92
2171 134 23 21 13 2 0 0.93
2172 134 23 21 18 3 6 0.9
2173 134 23 21 20 4 1 0.92
2174 134 23 21 31 5 0 0.92
2175 134 23 21 36 6 13 1.14
2176 134 23 21 40 7 9 0.94
2177 134 23 21 49 8 5 0.93
2178 134 23 21 54 9 15 0.9
2179 134 23 21 59 10 9 0.92
2180 134 23 21 65 11 15 1.13
2181 134 23 21 72 12 20 0.9
2182 134 23 21 79 13 6 1.14
2183 134 23 21 85 14 8 1.19
2184 134 23 21 90 15 18 0.94
2185 134 23 21 92 16 17 1.15
2186 134 23 21 99 17 18 1.12
2187 134 23 21 108 18 23 1.13
2188 134 23 21 115 19 14 0.92
2189 134 23 21 120 20 24 1.17
2190 135 23 22 7 1 0 0.94
2191 135 23 22 9 2 3 0.91
2192 135 23 22 17 3 5 0.92
2193 135 23 22 21 4 2 0.93
2194 135 23 22 29 5 4 0.93
2195 135 23 22 34 6 9 0.91
2196 135 23 22 43 7 3 0.9
2197 135 23 22 46 8 9 1.19
2198 135 23 22 53 9 10 0.91
2199 135 23 22 59 10 9 1.1
2200 135 23 22 62 11 12 1.15
2201 135 23 22 70 12 14 1.14
2202 135 23 22 75 13 12 0.9
2203 135 23 22 82 14 13 1.17
2204 135 23 22 90 15 18 0.93
2205 135 23 22 92 16 17 1.11
2206 135 23 22 98 17 16 1.16
2207 135 23 22 104 18 16 1.18
2208 135 23 22 111 19 17 1.15
2209 135 23 22 119 20 19 1.14
2210 136 23 24 6 1 6 0.9
2211 136 23 24 12 2 10 0.94
2212 136 23 24 18 3 6 0.94
2213 136 23 24 25 4 0 0.94
2214 136 23 24 26 5 1 0.9
2215 136 23 24 32 6 7 0.93
2216 136 23 24 43 7 3 1.1
2217 136 23 24 48 8 11 0.92
2218 136 23 24 51 9 7 0.91
2219 136 23 24 57 10 7 0.92
2220 136 23 24 66 11 19 1.14
2221 136 23 24 73 12 8 0.91
2222 136 23 24 74 13 11 1.17
2223 136 23 24 80 14 11 1.13
2224 136 23 24 86 15 11 1.12
2225 136 23 24 92 16 17 0.94
2226 136 23 24 100 17 19 0.9
2227 136 23 24 104 18 16 1.12
2228 136 23 24 110 19 16 1.15
2229 136 23 24 121 20 11 1.1
2230 137 23 25 7 1 0 0.92
2231 137 23 25 9 2 3 1.1
2232 137 23 25 14 3 1 0.92
2233 137 23 25 24 4 7 0.92
2234 137 23 25 29 5 4 0.93
2235 137 23 25 34 6 9 0.94
2236 137 23 25 41 7 10 1.13
2237 137 23 25 48 8 11 1.11
2238 137 23 25 54 9 15 1.17
2239 137 23 25 58 10 8 0.9
2240 137 23 25 67 11 9 0.91
2241 137 23 25 73 12 8 1.17
2242 137 23 25 75 13 12 1.13
2243 137 23 25 80 14 11 1.11
2244 137 23 25 89 15 14 0.93
2245 137 23 25 97 16 11 1.12
2246 137 23 25 100 17 19 1.17
2247 137 23 25 105 18 17 1.19
2248 137 23 25 111 19 17 1.18
2249 137 23 25 121 20 11 1.15
2250 140 24 21 3 1 3 0.94
2251 140 24 21 11 2 5 0.91
2252 140 24 21 17 3 5 0.91
2253 140 24 21 23 4 5 0.91
2254 140 24 21 26 5 1 1.13
2255 140 24 21 37 6 3 1.12
2256 140 24 21 38 7 6 1.14
2257 140 24 21 48 8 11 0.94
2258 140 24 21 53 9 10 1.17
2259 140 24 21 56 10 6 1.15
2260 140 24 21 63 11 13 1.16
2261 140 24 21 71 12 15 0.9
2262 140 24 21 79 13 6 1.1
2263 140 24 21 80 14 11 1.19
2264 140 24 21 87 15 12 0.93
2265 140 24 21 93 16 18 1.11
2266 140 24 21 101 17 20 1.12
2267 140 24 21 106 18 19 1.11
2268 140 24 21 111 19 17 1.14
2269 140 24 21 117 20 17 0.91
2270 141 24 22 5 1 5 1.1
2271 141 24 22 12 2 10 1.12
2272 141 24 22 17 3 5 0.93
2273 141 24 22 23 4 5 0.91
2274 141 24 22 28 5 3 0.93
2275 141 24 22 32 6 7 0.9
2276 141 24 22 41 7 10 0.9
2277 141 24 22 44 8 6 0.92
2278 141 24 22 53 9 10 0.94
2279 141 24 22 59 10 9 1.19
2280 141 24 22 63 11 13 1.16
2281 141 24 22 72 12 20 1.17
2282 141 24 22 79 13 6 0.92
2283 141 24 22 85 14 8 1.16
2284 141 24 22 89 15 14 1.19
2285 141 24 22 95 16 20 0.92
2286 141 24 22 100 17 19 0.94
2287 141 24 22 106 18 19 1.13
2288 141 24 22 112 19 18 1.19
2289 141 24 22 119 20 19 1.13
2290 142 24 23 2 1 2 1.19
2291 142 24 23 11 2 5 0.92
2292 142 24 23 15 3 2 0.92
2293 142 24 23 25 4 0 0.93
2294 142 24 23 29 5 4 0.92
2295 142 24 23 37 6 3 1.18
2296 142 24 23 42 7 14 0.94
2297 142 24 23 47 8 10 0.9
2298 142 24 23 52 9 8 0.93
2299 142 24 23 59 10 9 0.9
2300 142 24 23 64 11 14 1.14
2301 142 24 23 68 12 11 0.92
2302 142 24 23 77 13 15 1.15
2303 142 24 23 85 14 8 0.91
2304 142 24 23 87 15 12 1.12
2305 142 24 23 94 16 19 1.12
2306 142 24 23 103 17 13 1.19
2307 142 24 23 106 18 19 1.13
2308 142 24 23 114 19 21 0.94
2309 142 24 23 116 20 16 0.9
2310 143 24 25 3 1 3 0.94
2311 143 24 25 13 2 0 0.9
2312 143 24 25 19 3 0 0.93
2313 143 24 25 22 4 3 0.93
2314 143 24 25 29 5 4 0.94
2315 143 24 25 37 6 3 1.13
2316 143 24 25 38 7 6 1.11
2317 143 24 25 49 8 5 0.91
2318 143 24 25 54 9 15 0.91
2319 143 24 25 61 10 1 0.91
2320 143 24 25 67 11 9 0.93
2321 143 24 25 71 12 15 1.1
2322 143 24 25 76 13 14 0.91
2323 143 24 25 84 14 19 0.92
2324 143 24 25 90 15 18 0.92
2325 143 24 25 94 16 19 1.16
2326 143 24 25 101 17 20 0.9
2327 143 24 25 104 18 16 1.11
2328 143 24 25 114 19 21 1.18
2329 143 24 25 119 20 19 1.16
2330 146 25 21 7 1 0 1.13
2331 146 25 21 11 2 5 1.11
2332 146 25 21 14 3 1 0.94
2333 146 25 21 20 4 1 0.9
2334 146 25 21 30 5 10 0.91
2335 146 25 21 36 6 13 0.94
2336 146 25 21 40 7 9 0.91
2337 146 25 21 48 8 11 1.12
2338 146 25 21 50 9 6 1.18
2339 146 25 21 56 10 6 0.94
2340 146 25 21 67 11 9 1.15
2341 146 25 21 73 12 8 0.93
2342 146 25 21 77 13 15 1.14
2343 146 25 21 82 14 13 1.18
2344 146 25 21 88 15 13 0.94
2345 146 25 21 93 16 18 1.1
2346 146 25 21 101 17 20 1.17
2347 146 25 21 108 18 23 1.15
2348 146 25 21 114 19 21 1.17
2349 146 25 21 120 20 24 1.12
2350 147 25 22 5 1 5 0.91
2351 147 25 22 11 2 5 0.91
2352 147 25 22 16 3 4 0.91
2353 147 25 22 21 4 2 0.9
2354 147 25 22 28 5 3 1.18
2355 147 25 22 37 6 3 1.13
2356 147 25 22 38 7 6 0.91
2357 147 25 22 46 8 9 1.14
2358 147 25 22 51 9 7 0.94
2359 147 25 22 60 10 12 0.93
2360 147 25 22 67 11 9 1.1
2361 147 25 22 71 12 15 0.92
2362 147 25 22 74 13 11 1.16
2363 147 25 22 83 14 15 1.12
2364 147 25 22 89 15 14 1.11
2365 147 25 22 94 16 19 1.19
2366 147 25 22 101 17 20 1.15
2367 147 25 22 108 18 23 1.14
2368 147 25 22 115 19 14 1.12
2369 147 25 22 120 20 24 1.11
2370 148 25 23 6 1 6 0.91
2371 148 25 23 11 2 5 0.94
2372 148 25 23 19 3 0 0.92
2373 148 25 23 22 4 3 1.14
2374 148 25 23 26 5 1 0.92
2375 148 25 23 36 6 13 1.13
2376 148 25 23 40 7 9 0.92
2377 148 25 23 49 8 5 0.94
2378 148 25 23 54 9 15 1.17
2379 148 25 23 58 10 8 0.94
2380 148 25 23 67 11 9 1.11
2381 148 25 23 70 12 14 1.14
2382 148 25 23 74 13 11 1.13
2383 148 25 23 82 14 13 1.18
2384 148 25 23 87 15 12 0.91
2385 148 25 23 97 16 11 1.18
2386 148 25 23 102 17 23 1.1
2387 148 25 23 106 18 19 1.11
2388 148 25 23 112 19 18 0.91
2389 148 25 23 119 20 19 0.9
2390 149 25 24 6 1 6 0.9
2391 149 25 24 12 2 10 0.91
2392 149 25 24 16 3 4 1.1
2393 149 25 24 24 4 7 0.9
2394 149 25 24 29 5 4 1.18
2395 149 25 24 36 6 13 0.91
2396 149 25 24 39 7 8 1.11
2397 149 25 24 49 8 5 1.14
2398 149 25 24 55 9 1 0.9
2399 149 25 24 56 10 6 1.11
2400 149 25 24 67 11 9 0.9
2401 149 25 24 73 12 8 1.18
2402 149 25 24 76 13 14 0.94
2403 149 25 24 85 14 8 1.14
2404 149 25 24 89 15 14 1.18
2405 149 25 24 96 16 21 1.14
2406 149 25 24 100 17 19 1.19
2407 149 25 24 108 18 23 1.18
2408 149 25 24 110 19 16 0.9
2409 149 25 24 121 20 11 1.17
2410 7 1 0 34 6 9 1.13
2411 7 1 0 39 7 8 0.93
2412 7 1 0 48 8 11 0.94
2413 7 1 0 52 9 8 0.9
2414 7 1 0 57 10 7 0.94
2415 7 1 0 62 11 12 1.16
2416 7 1 0 71 12 15 0.94
2417 7 1 0 78 13 18 0.9
2418 7 1 0 80 14 11 0.9
2419 7 1 0 87 15 12 0.9
2420 7 1 0 96 16 21 1.18
2421 7 1 0 103 17 13 1.1
2422 7 1 0 104 18 16 1.12
2423 7 1 0 112 19 18 0.92
2424 7 1 0 119 20 19 1.17
2425 7 1 0 125 21 25 1.12
2426 7 1 0 130 22 24 1.11
2427 7 1 0 137 23 25 1.14
2428 7 1 0 140 24 21 1.16
2429 7 1 0 150 25 26 0.92
2430 6 1 6 34 6 9 0.93
2431 6 1 6 42 7 14 0.94
2432 6 1 6 45 8 7 0.9
2433 6 1 6 51 9 7 1.12
2434 6 1 6 58 10 8 0.94
2435 6 1 6 63 11 13 0.91
2436 6 1 6 69 12 13 1.12
2437 6 1 6 75 13 12 0.93
2438 6 1 6 82 14 13 0.9
2439 6 1 6 86 15 11 0.92
2440 6 1 6 96 16 21 1.11
2441 6 1 6 98 17 16 0.9
2442 6 1 6 106 18 19 0.94
2443 6 1 6 111 19 17 0.92
2444 6 1 6 119 20 19 0.9
2445 6 1 6 127 21 16 1.12
2446 6 1 6 133 22 16 1.13
2447 6 1 6 135 23 22 1.13
2448 6 1 6 142 24 23 1.16
2449 6 1 6 151 25 18 1.13
2450 13 2 0 33 6 8 0.94
2451 13 2 0 39 7 8 0.92
2452 13 2 0 46 8 9 1.12
2453 13 2 0 54 9 15 0.92
2454 13 2 0 59 10 9 1.11
2455 13 2 0 63 11 13 0.92
2456 13 2 0 70 12 14 0.94
2457 13 2 0 76 13 14 0.94
2458 13 2 0 82 14 13 1.15
2459 13 2 0 89 15 14 0.93
2460 13 2 0 96 16 21 1.19
2461 13 2 0 102 17 23 0.93
2462 13 2 0 106 18 19 1.13
2463 13 2 0 115 19 14 1.15
2464 13 2 0 116 20 16 0.9
2465 13 2 0 123 21 23 1.17
2466 13 2 0 129 22 23 1.11
2467 13 2 0 134 23 21 1.16
2468 13 2 0 145 24 17 0.9
2469 13 2 0 149 25 24 1.17
2470 12 2 10 34 6 9 1.15
2471 12 2 10 39 7 8 0.94
2472 12 2 10 44 8 6 0.92
2473 12 2 10 53 9 10 0.92
2474 12 2 10 57 10 7 0.92
2475 12 2 10 62 11 12 1.13
2476 12 2 10 73 12 8 1.12
2477 12 2 10 78 13 18 1.12
2478 12 2 10 82 14 13 1.14
2479 12 2 10 90 15 18 0.9
2480 12 2 10 93 16 18 1.15
2481 12 2 10 98 17 16 0.93
2482 12 2 10 105 18 17 1.17
2483 12 2 10 111 19 17 1.15
2484 12 2 10 121 20 11 1.18
2485 12 2 10 124 21 24 1.17
2486 12 2 10 130 22 24 1.15
2487 12 2 10 136 23 24 0.94
2488 12 2 10 144 24 26 0.92
2489 12 2 10 151 25 18 1.19
2490 19 3 0 34 6 9 0.94
2491 19 3 0 41 7 10 0.93
2492 19 3 0 44 8 6 0.94
2493 19 3 0 53 9 10 0.92
2494 19 3 0 61 10 1 1.19
2495 19 3 0 66 11 19 0.91
2496 19 3 0 68 12 11 0.92
2497 19 3 0 79 13 6 0.9
2498 19 3 0 83 14 15 1.12
2499 19 3 0 88 15 13 0.93
2500 19 3 0 95 16 20 1.13
2501 19 3 0 98 17 16 1.14
2502 19 3 0 107 18 20 1.17
2503 19 3 0 110 19 16 0.93
2504 19 3 0 120 20 24 0.91
2505 19 3 0 126 21 26 1.18
2506 19 3 0 131 22 25 1.1
2507 19 3 0 137 23 25 1.19
2508 19 3 0 140 24 21 0.91
2509 19 3 0 148 25 23 1.1
2510 18 3 6 37 6 3 0.93
2511 18 3 6 42 7 14 0.93
2512 18 3 6 46 8 9 0.92
2513 18 3 6 50 9 6 0.93
2514 18 3 6 61 10 1 0.91
2515 18 3 6 65 11 15 0.9
2516 18 3 6 69 12 13 1.13
2517 18 3 6 76 13 14 0.91
2518 18 3 6 84 14 19 1.18
2519 18 3 6 91 15 9 0.92
2520 18 3 6 93 16 18 0.9
2521 18 3 6 102 17 23 1.16
2522 18 3 6 105 18 17 0.93
2523 18 3 6 112 19 18 1.13
2524 18 3 6 118 20 18 1.12
2525 18 3 6 122 21 22 1.18
2526 18 3 6 132 22 26 0.91
2527 18 3 6 138 23 26 1.13
2528 18 3 6 143 24 25 1.14
2529 18 3 6 151 25 18 1.12
2530 25 4 0 34 6 9 0.93
2531 25 4 0 42 7 14 0.91
2532 25 4 0 45 8 7 0.94
2533 25 4 0 54 9 15 1.12
2534 25 4 0 58 10 8 0.92
2535 25 4 0 64 11 14 0.92
2536 25 4 0 73 12 8 1.19
2537 25 4 0 75 13 12 1.16
2538 25 4 0 80 14 11 1.11
2539 25 4 0 89 15 14 0.91
2540 25 4 0 92 16 17 0.9
2541 25 4 0 102 17 23 1.12
2542 25 4 0 107 18 20 0.91
2543 25 4 0 111 19 17 1.12
2544 25 4 0 118 20 18 1.12
2545 25 4 0 126 21 26 0.91
2546 25 4 0 129 22 23 0.94
2547 25 4 0 139 23 17 1.1
2548 25 4 0 141 24 22 1.17
2549 25 4 0 150 25 26 0.91
2550 24 4 7 36 6 13 0.94
2551 24 4 7 40 7 9 1.12
2552 24 4 7 44 8 6 0.91
2553 24 4 7 51 9 7 0.93
2554 24 4 7 58 10 8 0.93
2555 24 4 7 63 11 13 0.93
2556 24 4 7 68 12 11 0.9
2557 24 4 7 77 13 15 0.91
2558 24 4 7 84 14 19 0.92
2559 24 4 7 86 15 11 0.94
2560 24 4 7 95 16 20 1.19
2561 24 4 7 101 17 20 1.18
2562 24 4 7 105 18 17 0.94
2563 24 4 7 112 19 18 0.94
2564 24 4 7 120 20 24 0.9
2565 24 4 7 126 21 26 1.18
2566 24 4 7 129 22 23 1.17
2567 24 4 7 139 23 17 1.11
2568 24 4 7 144 24 26 1.11
2569 24 4 7 150 25 26 1.11
2570 31 5 0 37 6 3 0.92
2571 31 5 0 42 7 14 1.1
2572 31 5 0 45 8 7 0.93
2573 31 5 0 50 9 6 0.94
2574 31 5 0 57 10 7 0.94
2575 31 5 0 64 11 14 0.94
2576 31 5 0 71 12 15 0.93
2577 31 5 0 76 13 14 1.14
2578 31 5 0 83 14 15 0.94
2579 31 5 0 87 15 12 0.93
2580 31 5 0 95 16 20 1.13
2581 31 5 0 100 17 19 1.11
2582 31 5 0 105 18 17 0.92
2583 31 5 0 111 19 17 1.13
2584 31 5 0 116 20 16 0.93
2585 31 5 0 122 21 22 1.16
2586 31 5 0 132 22 26 1.15
2587 31 5 0 136 23 24 1.19
2588 31 5 0 142 24 23 1.19
2589 31 5 0 150 25 26 0.91
2590 30 5 10 32 6 7 0.94
2591 30 5 10 38 7 6 0.92
2592 30 5 10 47 8 10 0.91
2593 30 5 10 51 9 7 0.94
2594 30 5 10 61 10 1 0.93
2595 30 5 10 67 11 9 0.91
2596 30 5 10 70 12 14 0.92
2597 30 5 10 78 13 18 1.1
2598 30 5 10 81 14 12 0.9
2599 30 5 10 88 15 13 0.91
2600 30 5 10 92 16 17 1.13
2601 30 5 10 100 17 19 0.92
2602 30 5 10 106 18 19 1.11
2603 30 5 10 111 19 17 0.9
2604 30 5 10 117 20 17 0.94
2605 30 5 10 124 21 24 1.17
2606 30 5 10 130 22 24 1.11
2607 30 5 10 134 23 21 1.16
2608 30 5 10 143 24 25 1.14
2609 30 5 10 147 25 22 1.19
2610 37 6 3 63 11 13 0.94
2611 37 6 3 72 12 20 0.9
2612 37 6 3 79 13 6 1.17
2613 37 6 3 82 14 13 0.94
2614 37 6 3 91 15 9 0.94
2615 37 6 3 96 16 21 1.13
2616 37 6 3 100 17 19 0.93
2617 37 6 3 104 18 16 0.92
2618 37 6 3 112 19 18 0.92
2619 37 6 3 118 20 18 1.14
2620 37 6 3 123 21 23 1.11
2621 37 6 3 128 22 21 0.9
2622 37 6 3 134 23 21 0.94
2623 37 6 3 145 24 17 1.15
2624 37 6 3 149 25 24 1.1
2625 37 6 3 4 1 4 1.16
2626 37 6 3 8 2 1 1.11
2627 37 6 3 17 3 5 1.16
2628 37 6 3 22 4 3 1.13
2629 37 6 3 26 5 1 1.17
2630 36 6 13 62 11 12 0.91
2631 36 6 13 69 12 13 0.91
2632 36 6 13 75 13 12 1.13
2633 36 6 13 85 14 8 0.93
2634 36 6 13 88 15 13 0.94
2635 36 6 13 97 16 11 0.93
2636 36 6 13 98 17 16 0.94
2637 36 6 13 106 18 19 1.11
2638 36 6 13 115 19 14 0.9
2639 36 6 13 119 20 19 1.15
2640 36 6 13 127 21 16 1.19
2641 36 6 13 132 22 26 0.94
2642 36 6 13 137 23 25 0.92
2643 36 6 13 141 24 22 1.13
2644 36 6 13 146 25 21 0.9
2645 36 6 13 5 1 5 1.1
2646 36 6 13 13 2 0 1.1
2647 36 6 13 16 3 4 1.12
2648 36 6 13 23 4 5 0.9
2649 36 6 13 29 5 4 1.19
2650 43 7 3 63 11 13 0.94
2651 43 7 3 70 12 14 0.92
2652 43 7 3 74 13 11 1.14
2653 43 7 3 83 14 15 1.13
2654 43 7 3 86 15 11 0.92
2655 43 7 3 95 16 20 1.12
2656 43 7 3 100 17 19 0.94
2657 43 7 3 105 18 17 0.92
2658 43 7 3 114 19 21 0.9
2659 43 7 3 119 20 19 1.17
2660 43 7 3 127 21 16 0.91
2661 43 7 3 129 22 23 0.91
2662 43 7 3 137 23 25 1.16
2663 43 7 3 141 24 22 1.13
2664 43 7 3 148 25 23 1.1
2665 43 7 3 6 1 6 1.19
2666 43 7 3 10 2 4 0.94
2667 43 7 3 15 3 2 1.11
2668 43 7 3 21 4 2 1.17
2669 43 7 3 27 5 2 1.13
2670 42 7 14 63 11 13 1.1
2671 42 7 14 73 12 8 0.92
2672 42 7 14 75 13 12 1.15
2673 42 7 14 85 14 8 0.91
2674 42 7 14 89 15 14 1.18
2675 42 7 14 95 16 20 1.18
2676 42 7 14 99 17 18 0.92
2677 42 7 14 104 18 16 0.92
2678 42 7 14 110 19 16 0.9
2679 42 7 14 120 20 24 0.94
2680 42 7 14 127 21 16 1.14
2681 42 7 14 133 22 16 1.16
2682 42 7 14 135 23 22 1.1
2683 42 7 14 142 24 23 1.18
2684 42 7 14 147 25 22 1.18
2685 42 7 14 5 1 5 1.16
2686 42 7 14 9 2 3 1.1
2687 42 7 14 17 3 5 1.16
2688 42 7 14 23 4 5 1.1
2689 42 7 14 26 5 1 0.9
2690 49 8 5 62 11 12 0.94
2691 49 8 5 72 12 20 1.17
2692 49 8 5 75 13 12 0.92
2693 49 8 5 85 14 8 0.93
2694 49 8 5 90 15 18 0.9
2695 49 8 5 97 16 11 0.91
2696 49 8 5 100 17 19 0.94
2697 49 8 5 106 18 19 0.92
2698 49 8 5 114 19 21 0.94
2699 49 8 5 116 20 16 1.12
2700 49 8 5 123 21 23 1.12
2701 49 8 5 132 22 26 1.11
2702 49 8 5 135 23 22 0.93
2703 49 8 5 145 24 17 1.17
2704 49 8 5 146 25 21 1.17
2705 49 8 5 2 1 2 1.19
2706 49 8 5 10 2 4 1.18
2707 49 8 5 17 3 5 1.13
2708 49 8 5 21 4 2 1.14
2709 49 8 5 29 5 4 1.17
2710 48 8 11 62 11 12 0.93
2711 48 8 11 69 12 13 0.93
2712 48 8 11 77 13 15 0.94
2713 48 8 11 83 14 15 1.14
2714 48 8 11 86 15 11 0.94
2715 48 8 11 94 16 19 1.14
2716 48 8 11 102 17 23 0.94
2717 48 8 11 107 18 20 1.1
2718 48 8 11 110 19 16 0.94
2719 48 8 11 121 20 11 0.9
2720 48 8 11 126 21 26 1.16
2721 48 8 11 131 22 25 1.18
2722 48 8 11 134 23 21 1.17
2723 48 8 11 142 24 23 0.9
2724 48 8 11 150 25 26 1.13
2725 48 8 11 6 1 6 1.13
2726 48 8 11 12 2 10 1.1
2727 48 8 11 17 3 5 1.12
2728 48 8 11 21 4 2 1.19
2729 48 8 11 31 5 0 1.18
2730 55 9 1 65 11 15 0.91
2731 55 9 1 73 12 8 0.94
2732 55 9 1 79 13 6 0.92
2733 55 9 1 81 14 12 0.92
2734 55 9 1 90 15 18 1.16
2735 55 9 1 97 16 11 1.16
2736 55 9 1 101 17 20 0.92
2737 55 9 1 104 18 16 1.12
2738 55 9 1 115 19 14 0.91
2739 55 9 1 121 20 11 1.16
2740 55 9 1 122 21 22 1.1
2741 55 9 1 129 22 23 1.19
2742 55 9 1 138 23 26 0.9
2743 55 9 1 142 24 23 1.13
2744 55 9 1 148 25 23 1.13
2745 55 9 1 3 1 3 1.18
2746 55 9 1 8 2 1 1.12
2747 55 9 1 15 3 2 1.16
2748 55 9 1 21 4 2 1.13
2749 55 9 1 31 5 0 1.16
2750 54 9 15 63 11 13 0.92
2751 54 9 15 71 12 15 0.9
2752 54 9 15 77 13 15 1.1
2753 54 9 15 82 14 13 0.93
2754 54 9 15 90 15 18 0.9
2755 54 9 15 94 16 19 0.9
2756 54 9 15 98 17 16 1.15
2757 54 9 15 109 18 13 0.9
2758 54 9 15 114 19 21 1.18
2759 54 9 15 117 20 17 0.93
2760 54 9 15 126 21 26 1.18
2761 54 9 15 131 22 25 1.1
2762 54 9 15 137 23 25 0.92
2763 54 9 15 145 24 17 1.15
2764 54 9 15 147 25 22 1.1
2765 54 9 15 7 1 0 1.11
2766 54 9 15 8 2 1 1.1
2767 54 9 15 18 3 6 0.94
2768 54 9 15 25 4 0 1.14
2769 54 9 15 26 5 1 1.11
2770 61 10 1 66 11 19 0.9
2771 61 10 1 69 12 13 0.92
2772 61 10 1 78 13 18 0.91
2773 61 10 1 80 14 11 0.92
2774 61 10 1 87 15 12 0.91
2775 61 10 1 95 16 20 0.94
2776 61 10 1 98 17 16 1.13
2777 61 10 1 104 18 16 0.91
2778 61 10 1 112 19 18 0.92
2779 61 10 1 120 20 24 0.92
2780 61 10 1 123 21 23 1.1
2781 61 10 1 133 22 16 0.9
2782 61 10 1 137 23 25 1.11
2783 61 10 1 142 24 23 1.18
2784 61 10 1 146 25 21 1.13
2785 61 10 1 6 1 6 1.12
2786 61 10 1 12 2 10 0.91
2787 61 10 1 18 3 6 1.18
2788 61 10 1 21 4 2 1.13
2789 61 10 1 27 5 2 0.94
2790 60 10 12 65 11 15 1.1
2791 60 10 12 73 12 8 0.94
2792 60 10 12 74 13 11 0.94
2793 60 10 12 82 14 13 1.1
2794 60 10 12 87 15 12 0.92
2795 60 10 12 96 16 21 0.91
2796 60 10 12 98 17 16 1.11
2797 60 10 12 108 18 23 0.91
2798 60 10 12 115 19 14 1.17
2799 60 10 12 121 20 11 1.12
2800 60 10 12 125 21 25 0.94
2801 60 10 12 129 22 23 1.17
2802 60 10 12 135 23 22 0.93
2803 60 10 12 140 24 21 0.91
2804 60 10 12 149 25 24 1.1
2805 60 10 12 7 1 0 1.15
2806 60 10 12 9 2 3 1.19
2807 60 10 12 19 3 0 1.1
2808 60 10 12 22 4 3 1.13
2809 60 10 12 29 5 4 1.1
2810 67 11 9 96 16 21 1.18
2811 67 11 9 100 17 19 1.14
2812 67 11 9 109 18 13 0.9
2813 67 11 9 111 19 17 1.17
2814 67 11 9 117 20 17 0.9
2815 67 11 9 126 21 26 0.91
2816 67 11 9 132 22 26 1.19
2817 67 11 9 138 23 26 0.9
2818 67 11 9 142 24 23 0.93
2819 67 11 9 147 25 22 1.15
2820 67 11 9 6 1 6 0.91
2821 67 11 9 9 2 3 0.92
2822 67 11 9 16 3 4 0.9
2823 67 11 9 21 4 2 0.93
2824 67 11 9 30 5 10 0.9
2825 67 11 9 32 6 7 0.93
2826 67 11 9 39 7 8 0.92
2827 67 11 9 45 8 7 1.14
2828 67 11 9 51 9 7 1.15
2829 67 11 9 60 10 12 1.12
2830 66 11 19 94 16 19 1.17
2831 66 11 19 99 17 18 0.94
2832 66 11 19 106 18 19 0.94
2833 66 11 19 112 19 18 0.93
2834 66 11 19 118 20 18 0.93
2835 66 11 19 124 21 24 0.91
2836 66 11 19 131 22 25 0.92
2837 66 11 19 139 23 17 0.9
2838 66 11 19 144 24 26 1.1
2839 66 11 19 146 25 21 0.91
2840 66 11 19 6 1 6 1.12
2841 66 11 19 8 2 1 0.9
2842 66 11 19 15 3 2 1.15
2843 66 11 19 25 4 0 0.91
2844 66 11 19 27 5 2 0.92
2845 66 11 19 32 6 7 1.14
2846 66 11 19 42 7 14 0.92
2847 66 11 19 46 8 9 1.15
2848 66 11 19 54 9 15 1.15
2849 66 11 19 61 10 1 0.92
2850 73 12 8 95 16 20 0.94
2851 73 12 8 101 17 20 0.9
2852 73 12 8 105 18 17 0.91
2853 73 12 8 113 19 20 1.11
2854 73 12 8 119 20 19 0.9
2855 73 12 8 122 21 22 0.92
2856 73 12 8 130 22 24 1.19
2857 73 12 8 137 23 25 0.91
2858 73 12 8 141 24 22 0.91
2859 73 12 8 150 25 26 1.15
2860 73 12 8 3 1 3 0.94
2861 73 12 8 11 2 5 0.94
2862 73 12 8 16 3 4 1.14
2863 73 12 8 21 4 2 0.9
2864 73 12 8 29 5 4 0.94
2865 73 12 8 33 6 8 1.13
2866 73 12 8 42 7 14 1.14
2867 73 12 8 47 8 10 1.11
2868 73 12 8 50 9 6 0.9
2869 73 12 8 59 10 9 1.17
2870 72 12 20 96 16 21 1.1
2871 72 12 20 103 17 13 0.92
2872 72 12 20 106 18 19 0.92
2873 72 12 20 110 19 16 1.15
2874 72 12 20 117 20 17 1.18
2875 72 12 20 123 21 23 1.16
2876 72 12 20 132 22 26 1.13
2877 72 12 20 138 23 26 0.91
2878 72 12 20 143 24 25 1.14
2879 72 12 20 146 25 21 1.1
2880 72 12 20 3 1 3 1.13
2881 72 12 20 11 2 5 0.92
2882 72 12 20 14 3 1 1.17
2883 72 12 20 25 4 0 0.91
2884 72 12 20 27 5 2 1.14
2885 72 12 20 35 6 10 1.14
2886 72 12 20 43 7 3 1.13
2887 72 12 20 44 8 6 1.17
2888 72 12 20 52 9 8 1.1
2889 72 12 20 61 10 1 1.12
2890 79 13 6 94 16 19 1.19
2891 79 13 6 100 17 19 0.91
2892 79 13 6 107 18 20 0.92
2893 79 13 6 114 19 21 0.9
2894 79 13 6 117 20 17 0.9
2895 79 13 6 126 21 26 0.93
2896 79 13 6 133 22 16 0.9
2897 79 13 6 137 23 25 1.1
2898 79 13 6 142 24 23 0.91
2899 79 13 6 146 25 21 0.94
2900 79 13 6 3 1 3 1.11
2901 79 13 6 10 2 4 1.19
2902 79 13 6 16 3 4 0.93
2903 79 13 6 20 4 1 1.13
2904 79 13 6 29 5 4 1.19
2905 79 13 6 32 6 7 1.16
2906 79 13 6 43 7 3 0.91
2907 79 13 6 48 8 11 1.11
2908 79 13 6 55 9 1 1.18
2909 79 13 6 59 10 9 0.9
2910 78 13 18 93 16 18 1.12
2911 78 13 18 98 17 16 0.94
2912 78 13 18 107 18 20 0.94
2913 78 13 18 112 19 18 0.93
2914 78 13 18 119 20 19 0.91
2915 78 13 18 126 21 26 0.9
2916 78 13 18 132 22 26 0.91
2917 78 13 18 135 23 22 0.93
2918 78 13 18 143 24 25 1.11
2919 78 13 18 148 25 23 0.94
2920 78 13 18 4 1 4 1.1
2921 78 13 18 9 2 3 0.94
2922 78 13 18 14 3 1 1.13
2923 78 13 18 23 4 5 1.14
2924 78 13 18 27 5 2 0.94
2925 78 13 18 37 6 3 0.93
2926 78 13 18 43 7 3 0.92
2927 78 13 18 45 8 7 1.13
2928 78 13 18 51 9 7 1.1
2929 78 13 18 58 10 8 1.14
2930 85 14 8 93 16 18 0.94
2931 85 14 8 100 17 19 0.92
2932 85 14 8 104 18 16 0.94
2933 85 14 8 112 19 18 1.19
2934 85 14 8 116 20 16 0.92
2935 85 14 8 124 21 24 0.94
2936 85 14 8 128 22 21 0.94
2937 85 14 8 134 23 21 0.94
2938 85 14 8 145 24 17 0.91
2939 85 14 8 148 25 23 0.9
2940 85 14 8 3 1 3 1.17
2941 85 14 8 11 2 5 1.11
2942 85 14 8 19 3 0 1.16
2943 85 14 8 23 4 5 1.16
2944 85 14 8 28 5 3 0.94
2945 85 14 8 34 6 9 0.93
2946 85 14 8 41 7 10 1.11
2947 85 14 8 49 8 5 1.14
2948 85 14 8 53 9 10 1.17
2949 85 14 8 59 10 9 1.14
2950 84 14 19 92 16 17 0.9
2951 84 14 19 100 17 19 0.9
2952 84 14 19 104 18 16 1.18
2953 84 14 19 115 19 14 0.93
2954 84 14 19 118 20 18 0.94
2955 84 14 19 124 21 24 0.9
2956 84 14 19 132 22 26 1.16
2957 84 14 19 137 23 25 0.93
2958 84 14 19 141 24 22 0.94
2959 84 14 19 147 25 22 1.15
2960 84 14 19 5 1 5 0.91
2961 84 14 19 13 2 0 1.1
2962 84 14 19 15 3 2 0.94
2963 84 14 19 25 4 0 1.16
2964 84 14 19 31 5 0 1.16
2965 84 14 19 34 6 9 1.11
2966 84 14 19 43 7 3 0.94
2967 84 14 19 44 8 6 1.1
2968 84 14 19 55 9 1 0.9
2969 84 14 19 58 10 8 0.91
2970 91 15 9 96 16 21 0.92
2971 91 15 9 101 17 20 0.9
2972 91 15 9 106 18 19 0.91
2973 91 15 9 113 19 20 0.93
2974 91 15 9 119 20 19 0.9
2975 91 15 9 123 21 23 0.93
2976 91 15 9 132 22 26 0.94
2977 91 15 9 138 23 26 0.93
2978 91 15 9 143 24 25 0.9
2979 91 15 9 150 25 26 0.91
2980 91 15 9 6 1 6 0.92
2981 91 15 9 13 2 0 0.9
2982 91 15 9 14 3 1 0.93
2983 91 15 9 23 4 5 1.12
2984 91 15 9 29 5 4 1.18
2985 91 15 9 33 6 8 1.12
2986 91 15 9 41 7 10 1.18
2987 91 15 9 44 8 6 0.91
2988 91 15 9 50 9 6 0.94
2989 91 15 9 59 10 9 1.17
2990 90 15 18 93 16 18 0.9
2991 90 15 18 103 17 13 0.9
2992 90 15 18 105 18 17 0.9
2993 90 15 18 111 19 17 0.92
2994 90 15 18 120 20 24 1.15
2995 90 15 18 124 21 24 0.94
2996 90 15 18 132 22 26 1.13
2997 90 15 18 136 23 24 1.13
2998 90 15 18 141 24 22 1.14
2999 90 15 18 151 25 18 0.91
3000 90 15 18 3 1 3 0.9
3001 90 15 18 9 2 3 1.12
3002 90 15 18 16 3 4 0.94
3003 90 15 18 25 4 0 1.18
3004 90 15 18 30 5 10 0.92
3005 90 15 18 37 6 3 1.14
3006 90 15 18 41 7 10 1.14
3007 90 15 18 49 8 5 1.15
3008 90 15 18 52 9 8 1.14
3009 90 15 18 61 10 1 1.16
3010 97 16 11 127 21 16 1.18
3011 97 16 11 131 22 25 0.91
3012 97 16 11 134 23 21 0.91
3013 97 16 11 144 24 26 0.91
3014 97 16 11 147 25 22 1.15
3015 97 16 11 2 1 2 0.94
3016 97 16 11 13 2 0 0.92
3017 97 16 11 19 3 0 1.14
3018 97 16 11 20 4 1 0.94
3019 97 16 11 30 5 10 1.19
3020 97 16 11 36 6 13 0.93
3021 97 16 11 38 7 6 0.92
3022 97 16 11 46 8 9 0.94
3023 97 16 11 54 9 15 1.19
3024 97 16 11 58 10 8 0.92
3025 97 16 11 63 11 13 1.18
3026 97 16 11 73 12 8 0.91
3027 97 16 11 77 13 15 1.16
3028 97 16 11 81 14 12 0.9
3029 97 16 11 89 15 14 1.18
3030 96 16 21 126 21 26 0.94
3031 96 16 21 131 22 25 0.92
3032 96 16 21 139 23 17 0.93
3033 96 16 21 142 24 23 0.94
3034 96 16 21 148 25 23 0.9
3035 96 16 21 5 1 5 1.18
3036 96 16 21 13 2 0 0.94
3037 96 16 21 15 3 2 0.9
3038 96 16 21 22 4 3 1.16
3039 96 16 21 30 5 10 1.16
3040 96 16 21 37 6 3 0.93
3041 96 16 21 41 7 10 0.93
3042 96 16 21 46 8 9 1.18
3043 96 16 21 52 9 8 1.16
3044 96 16 21 56 10 6 1.14
3045 96 16 21 65 11 15 0.94
3046 96 16 21 70 12 14 1.14
3047 96 16 21 78 13 18 1.15
3048 96 16 21 81 14 12 0.93
3049 96 16 21 90 15 18 1.19
3050 103 17 13 125 21 25 0.9
3051 103 17 13 128 22 21 0.94
3052 103 17 13 138 23 26 1.1
3053 103 17 13 145 24 17 1.13
3054 103 17 13 148 25 23 0.9
3055 103 17 13 5 1 5 0.94
3056 103 17 13 13 2 0 0.94
3057 103 17 13 16 3 4 0.9
3058 103 17 13 22 4 3 0.93
3059 103 17 13 27 5 2 0.9
3060 103 17 13 36 6 13 1.14
3061 103 17 13 38 7 6 0.92
3062 103 17 13 45 8 7 1.11
3063 103 17 13 54 9 15 0.93
3064 103 17 13 56 10 6 1.17
3065 103 17 13 64 11 14 1.14
3066 103 17 13 73 12 8 1.17
3067 103 17 13 78 13 18 1.15
3068 103 17 13 81 14 12 1.13
3069 103 17 13 89 15 14 1.15
3070 102 17 23 123 21 23 0.94
3071 102 17 23 133 22 16 1.19
3072 102 17 23 135 23 22 0.9
3073 102 17 23 141 24 22 0.93
3074 102 17 23 147 25 22 0.94
3075 102 17 23 3 1 3 0.92
3076 102 17 23 13 2 0 0.91
3077 102 17 23 14 3 1 1.1
3078 102 17 23 24 4 7 0.9
3079 102 17 23 27 5 2 1.1
3080 102 17 23 33 6 8 1.14
3081 102 17 23 42 7 14 1.19
3082 102 17 23 47 8 10 1.18
3083 102 17 23 51 9 7 0.93
3084 102 17 23 60 10 12 1.14
3085 102 17 23 62 11 12 1.15
3086 102 17 23 73 12 8 0.92
3087 102 17 23 75 13 12 1.13
3088 102 17 23 81 14 12 1.17
3089 102 17 23 87 15 12 1.14
3090 109 18 13 122 21 22 0.9
3091 109 18 13 130 22 24 0.9
3092 109 18 13 136 23 24 1.14
3093 109 18 13 140 24 21 1.19
3094 109 18 13 146 25 21 1.16
3095 109 18 13 5 1 5 1.12
3096 109 18 13 10 2 4 1.1
3097 109 18 13 18 3 6 0.9
3098 109 18 13 23 4 5 0.92
3099 109 18 13 27 5 2 0.9
3100 109 18 13 32 6 7 1.19
3101 109 18 13 39 7 8 1.18
3102 109 18 13 44 8 6 0.9
3103 109 18 13 55 9 1 1.12
3104 109 18 13 58 10 8 0.91
3105 109 18 13 62 11 12 0.92
3106 109 18 13 68 12 11 1.18
3107 109 18 13 79 13 6 1.11
3108 109 18 13 81 14 12 0.93
3109 109 18 13 87 15 12 1.1
3110 108 18 23 127 21 16 0.93
3111 108 18 23 133 22 16 0.91
3112 108 18 23 134 23 21 0.92
3113 108 18 23 143 24 25 0.92
3114 108 18 23 146 25 21 0.92
3115 108 18 23 5 1 5 1.18
3116 108 18 23 13 2 0 0.9
3117 108 18 23 17 3 5 0.94
3118 108 18 23 21 4 2 0.91
3119 108 18 23 31 5 0 0.93
3120 108 18 23 33 6 8 0.91
3121 108 18 23 43 7 3 0.92
3122 108 18 23 47 8 10 1.16
3123 108 18 23 54 9 15 0.9
3124 108 18 23 56 10 6 1.1
3125 108 18 23 65 11 15 1.16
3126 108 18 23 71 12 15 1.16
3127 108 18 23 78 13 18 0.9
3128 108 18 23 82 14 13 1.11
3129 108 18 23 86 15 11 1.14
3130 115 19 14 125 21 25 0.91
3131 115 19 14 132 22 26 0.9
3132 115 19 14 135 23 22 0.91
3133 115 19 14 145 24 17 0.9
3134 115 19 14 151 25 18 0.92
3135 115 19 14 6 1 6 1.11
3136 115 19 14 8 2 1 1.15
3137 115 19 14 17 3 5 0.93
3138 115 19 14 21 4 2 1.15
3139 115 19 14 28 5 3 0.93
3140 115 19 14 37 6 3 1.19
3141 115 19 14 38 7 6 0.91
3142 115 19 14 47 8 10 0.92
3143 115 19 14 53 9 10 1.12
3144 115 19 14 60 10 12 1.1
3145 115 19 14 67 11 9 1.13
3146 115 19 14 73 12 8 1.1
3147 115 19 14 74 13 11 1.12
3148 115 19 14 81 14 12 1.15
3149 115 19 14 86 15 11 1.14
3150 114 19 21 125 21 25 0.93
3151 114 19 21 133 22 16 1.12
3152 114 19 21 136 23 24 0.92
3153 114 19 21 140 24 21 1.13
3154 114 19 21 148 25 23 0.94
3155 114 19 21 5 1 5 0.92
3156 114 19 21 10 2 4 0.92
3157 114 19 21 18 3 6 0.91
3158 114 19 21 25 4 0 1.16
3159 114 19 21 29 5 4 1.11
3160 114 19 21 37 6 3 1.14
3161 114 19 21 38 7 6 0.92
3162 114 19 21 44 8 6 0.91
3163 114 19 21 51 9 7 0.91
3164 114 19 21 61 10 1 1.17
3165 114 19 21 65 11 15 1.12
3166 114 19 21 69 12 13 1.18
3167 114 19 21 79 13 6 0.93
3168 114 19 21 81 14 12 1.1
3169 114 19 21 86 15 11 1.17
3170 121 20 11 127 21 16 0.93
3171 121 20 11 132 22 26 0.94
3172 121 20 11 136 23 24 0.91
3173 121 20 11 143 24 25 0.91
3174 121 20 11 151 25 18 0.94
3175 121 20 11 5 1 5 0.92
3176 121 20 11 8 2 1 0.94
3177 121 20 11 15 3 2 0.91
3178 121 20 11 22 4 3 0.94
3179 121 20 11 26 5 1 1.13
3180 121 20 11 36 6 13 1.14
3181 121 20 11 42 7 14 1.13
3182 121 20 11 45 8 7 0.93
3183 121 20 11 54 9 15 0.91
3184 121 20 11 60 10 12 1.17
3185 121 20 11 63 11 13 0.94
3186 121 20 11 68 12 11 1.15
3187 121 20 11 76 13 14 0.9
3188 121 20 11 84 14 19 0.9
3189 121 20 11 86 15 11 1.19
3190 120 20 24 127 21 16 0.92
3191 120 20 24 129 22 23 0.93
3192 120 20 24 136 23 24 1.16
3193 120 20 24 142 24 23 0.9
3194 120 20 24 146 25 21 0.94
3195 120 20 24 5 1 5 0.92
3196 120 20 24 10 2 4 0.94
3197 120 20 24 16 3 4 0.91
3198 120 20 24 20 4 1 0.91
3199 120 20 24 27 5 2 0.9
3200 120 20 24 36 6 13 1.15
3201 120 20 24 41 7 10 1.17
3202 120 20 24 45 8 7 1.18
3203 120 20 24 53 9 10 1.1
3204 120 20 24 60 10 12 0.9
3205 120 20 24 63 11 13 1.16
3206 120 20 24 72 12 20 0.92
3207 120 20 24 76 13 14 1.14
3208 120 20 24 85 14 8 1.15
3209 120 20 24 86 15 11 1.17
3210 127 21 16 2 1 2 0.92
3211 127 21 16 12 2 10 1.11
3212 127 21 16 19 3 0 0.94
3213 127 21 16 20 4 1 0.91
3214 127 21 16 30 5 10 0.94
3215 127 21 16 34 6 9 0.9
3216 127 21 16 39 7 8 1.13
3217 127 21 16 45 8 7 0.9
3218 127 21 16 53 9 10 1.13
3219 127 21 16 61 10 1 0.94
3220 127 21 16 65 11 15 0.94
3221 127 21 16 69 12 13 1.19
3222 127 21 16 78 13 18 0.93
3223 127 21 16 81 14 12 1.19
3224 127 21 16 91 15 9 0.91
3225 127 21 16 96 16 21 0.91
3226 127 21 16 101 17 20 1.12
3227 127 21 16 104 18 16 1.17
3228 127 21 16 115 19 14 0.9
3229 127 21 16 117 20 17 1.13
3230 126 21 26 4 1 4 0.91
3231 126 21 26 10 2 4 0.9
3232 126 21 26 14 3 1 0.94
3233 126 21 26 25 4 0 1.12
3234 126 21 26 31 5 0 0.92
3235 126 21 26 33 6 8 0.94
3236 126 21 26 43 7 3 1.18
3237 126 21 26 47 8 10 0.9
3238 126 21 26 50 9 6 1.14
3239 126 21 26 56 10 6 1.12
3240 126 21 26 65 11 15 1.18
3241 126 21 26 71 12 15 0.93
3242 126 21 26 74 13 11 1.1
3243 126 21 26 81 14 12 0.91
3244 126 21 26 90 15 18 0.91
3245 126 21 26 94 16 19 1.17
3246 126 21 26 98 17 16 0.9
3247 126 21 26 105 18 17 1.14
3248 126 21 26 113 19 20 1.14
3249 126 21 26 117 20 17 0.91
3250 133 22 16 7 1 0 0.91
3251 133 22 16 10 2 4 0.92
3252 133 22 16 15 3 2 1.16
3253 133 22 16 25 4 0 0.9
3254 133 22 16 28 5 3 0.9
3255 133 22 16 37 6 3 1.1
3256 133 22 16 42 7 14 0.92
3257 133 22 16 49 8 5 0.94
3258 133 22 16 50 9 6 0.94
3259 133 22 16 56 10 6 1.15
3260 133 22 16 63 11 13 1.19
3261 133 22 16 70 12 14 0.93
3262 133 22 16 78 13 18 0.9
3263 133 22 16 84 14 19 0.9
3264 133 22 16 89 15 14 1.12
3265 133 22 16 93 16 18 1.15
3266 133 22 16 100 17 19 1.13
3267 133 22 16 106 18 19 1.15
3268 133 22 16 114 19 21 0.92
3269 133 22 16 118 20 18 1.17
3270 132 22 26 6 1 6 1.16
3271 132 22 26 13 2 0 0.93
3272 132 22 26 17 3 5 0.93
3273 132 22 26 21 4 2 1.12
3274 132 22 26 28 5 3 0.94
3275 132 22 26 36 6 13 0.91
3276 132 22 26 39 7 8 1.19
3277 132 22 26 48 8 11 0.94
3278 132 22 26 55 9 1 1.15
3279 132 22 26 59 10 9 0.92
3280 132 22 26 64 11 14 1.15
3281 132 22 26 72 12 20 0.93
3282 132 22 26 74 13 11 1.18
3283 132 22 26 83 14 15 1.15
3284 132 22 26 88 15 13 0.94
3285 132 22 26 96 16 21 0.94
3286 132 22 26 102 17 23 1.19
3287 132 22 26 107 18 20 1.14
3288 132 22 26 115 19 14 1.17
3289 132 22 26 120 20 24 1.17
3290 139 23 17 3 1 3 0.93
3291 139 23 17 10 2 4 1.16
3292 139 23 17 19 3 0 0.9
3293 139 23 17 21 4 2 0.93
3294 139 23 17 28 5 3 0.9
3295 139 23 17 35 6 10 1.14
3296 139 23 17 43 7 3 0.93
3297 139 23 17 46 8 9 0.91
3298 139 23 17 55 9 1 0.92
3299 139 23 17 56 10 6 0.92
3300 139 23 17 63 11 13 1.12
3301 139 23 17 70 12 14 1.17
3302 139 23 17 74 13 11 0.92
3303 139 23 17 81 14 12 1.15
3304 139 23 17 91 15 9 0.93
3305 139 23 17 94 16 19 0.92
3306 139 23 17 99 17 18 1.19
3307 139 23 17 106 18 19 0.9
3308 139 23 17 114 19 21 1.19
3309 139 23 17 119 20 19 1.14
3310 138 23 26 3 1 3 0.9
3311 138 23 26 11 2 5 0.94
3312 138 23 26 18 3 6 0.91
3313 138 23 26 23 4 5 0.9
3314 138 23 26 26 5 1 0.92
3315 138 23 26 34 6 9 1.19
3316 138 23 26 38 7 6 1.1
3317 138 23 26 47 8 10 0.94
3318 138 23 26 53 9 10 0.9
3319 138 23 26 57 10 7 0.9
3320 138 23 26 62 11 12 1.11
3321 138 23 26 68 12 11 0.91
3322 138 23 26 77 13 15 1.11
3323 138 23 26 84 14 19 0.92
3324 138 23 26 88 15 13 1.19
3325 138 23 26 92 16 17 0.91
3326 138 23 26 99 17 18 1.1
3327 138 23 26 106 18 19 1.11
3328 138 23 26 114 19 21 1.14
3329 138 23 26 116 20 16 1.16
3330 145 24 17 3 1 3 0.94
3331 145 24 17 10 2 4 1.1
3332 145 24 17 14 3 1 1.14
3333 145 24 17 25 4 0 0.92
3334 145 24 17 26 5 1 1.15
3335 145 24 17 37 6 3 0.92
3336 145 24 17 40 7 9 0.91
3337 145 24 17 46 8 9 0.94
3338 145 24 17 53 9 10 0.92
3339 145 24 17 60 10 12 1.15
3340 145 24 17 65 11 15 0.91
3341 145 24 17 68 12 11 0.9
3342 145 24 17 75 13 12 1.15
3343 145 24 17 82 14 13 1.14
3344 145 24 17 91 15 9 1.14
3345 145 24 17 93 16 18 0.93
3346 145 24 17 102 17 23 1.12
3347 145 24 17 107 18 20 1.17
3348 145 24 17 115 19 14 1.11
3349 145 24 17 118 20 18 1.14
3350 144 24 26 3 1 3 0.91
3351 144 24 26 11 2 5 0.93
3352 144 24 26 19 3 0 0.9
3353 144 24 26 22 4 3 0.93
3354 144 24 26 30 5 10 0.93
3355 144 24 26 33 6 8 1.11
3356 144 24 26 42 7 14 0.91
3357 144 24 26 46 8 9 1.17
3358 144 24 26 53 9 10 1.13
3359 144 24 26 57 10 7 0.9
3360 144 24 26 64 11 14 1.15
3361 144 24 26 69 12 13 1.14
3362 144 24 26 79 13 6 1.14
3363 144 24 26 83 14 15 0.92
3364 144 24 26 89 15 14 0.9
3365 144 24 26 93 16 18 1.18
3366 144 24 26 98 17 16 1.15
3367 144 24 26 107 18 20 1.1
3368 144 24 26 113 19 20 1.12
3369 144 24 26 119 20 19 0.93
3370 151 25 18 2 1 2 0.93
3371 151 25 18 8 2 1 0.91
3372 151 25 18 17 3 5 0.93
3373 151 25 18 24 4 7 0.94
3374 151 25 18 29 5 4 0.92
3375 151 25 18 32 6 7 0.92
3376 151 25 18 41 7 10 0.93
3377 151 25 18 46 8 9 0.9
3378 151 25 18 55 9 1 0.91
3379 151 25 18 56 10 6 0.94
3380 151 25 18 62 11 12 1.15
3381 151 25 18 71 12 15 1.12
3382 151 25 18 74 13 11 1.11
3383 151 25 18 82 14 13 1.12
3384 151 25 18 91 15 9 1.18
3385 151 25 18 96 16 21 1.18
3386 151 25 18 102 17 23 1.14
3387 151 25 18 108 18 23 1.16
3388 151 25 18 113 19 20 1.14
3389 151 25 18 117 20 17 1.1
3390 150 25 26 7 1 0 1.15
3391 150 25 26 10 2 4 0.9
3392 150 25 26 18 3 6 1.15
3393 150 25 26 22 4 3 0.91
3394 150 25 26 26 5 1 0.92
3395 150 25 26 35 6 10 1.17
3396 150 25 26 38 7 6 0.94
3397 150 25 26 46 8 9 0.91
3398 150 25 26 51 9 7 0.91
3399 150 25 26 59 10 9 1.12
3400 150 25 26 64 11 14 1.19
3401 150 25 26 71 12 15 0.9
3402 150 25 26 75 13 12 1.12
3403 150 25 26 84 14 19 1.17
3404 150 25 26 91 15 9 1.16
3405 150 25 26 93 16 18 1.18
3406 150 25 26 99 17 18 0.94
3407 150 25 26 109 18 13 1.16
3408 150 25 26 115 19 14 1.12
3409 150 25 26 119 20 19 1.17
