26 130 2664
90 18 23 1.0
100 20 24 1.0
48 10 11 1.0
81 16 11 1.0
6 1 0 1.0
97 20 17 1.0
80 16 20 1.0
29 6 8 1.0
57 12 9 1.0
70 14 17 1.0
11 2 0 1.0
96 19 13 1.0
94 19 20 1.0
108 22 23 1.0
47 10 9 1.0
92 19 17 1.0
91 18 14 1.0
51 10 5 1.0
110 22 25 1.0
85 17 21 1.0
123 0 2 1.0
0 25 0 1.0
69 14 16 1.0
82 17 18 1.0
16 3 0 1.0
22 5 6 1.0
111 22 20 1.0
46 9 5 1.0
24 5 8 1.0
65 13 17 1.0
67 14 13 1.0
26 5 4 1.0
78 16 14 1.0
45 9 16 1.0
66 13 11 1.0
102 21 22 1.0
113 23 22 1.0
50 10 16 1.0
54 11 12 1.0
88 18 19 1.0
3 1 3 1.0
73 15 14 1.0
8 2 3 1.0
99 20 19 1.0
55 11 14 1.0
127 25 22 1.0
98 20 18 1.0
107 22 21 1.0
49 10 12 1.0
1 0 25 1.0
109 22 24 1.0
5 1 7 1.0
40 8 12 1.0
121 24 19 1.0
124 0 3 1.0
87 18 17 1.0
53 11 10 1.0
9 2 4 1.0
84 17 20 1.0
25 5 11 1.0
21 4 0 1.0
119 24 23 1.0
2 1 2 1.0
7 2 1 1.0
104 21 24 1.0
36 7 3 1.0
116 23 20 1.0
32 7 5 1.0
43 9 11 1.0
93 19 18 1.0
41 8 4 1.0
17 4 1 1.0
12 3 1 1.0
112 23 21 1.0
125 0 4 1.0
128 25 23 1.0
10 2 5 1.0
34 7 8 1.0
77 16 13 1.0
30 6 10 1.0
42 9 10 1.0
4 1 4 1.0
63 13 15 1.0
120 24 25 1.0
18 4 2 1.0
59 12 11 1.0
37 8 5 1.0
20 4 7 1.0
117 24 21 1.0
122 0 1 1.0
126 25 21 1.0
114 23 24 1.0
74 15 16 1.0
95 19 22 1.0
89 18 20 1.0
79 16 15 1.0
101 20 16 1.0
61 12 6 1.0
105 21 25 1.0
39 8 7 1.0
72 15 13 1.0
14 3 4 1.0
23 5 7 1.0
56 11 6 1.0
106 21 19 1.0
28 6 7 1.0
27 6 5 1.0
13 3 2 1.0
19 4 3 1.0
62 13 14 1.0
86 17 14 1.0
64 13 16 1.0
103 21 23 1.0
71 14 9 1.0
44 9 12 1.0
52 11 9 1.0
38 8 6 1.0
31 6 2 1.0
115 23 25 1.0
75 15 19 1.0
33 7 6 1.0
118 24 22 1.0
76 15 9 1.0
68 14 15 1.0
15 3 7 1.0
35 7 10 1.0
58 12 10 1.0
129 25 24 1.0
83 17 19 1.0
60 12 13 1.0
0 1 0 25 87 18 17 0.95
1 1 0 25 60 12 13 1.04
2 1 0 25 91 18 14 0.95
3 1 0 25 38 8 6 0.95
4 1 0 25 102 21 22 0.95
5 1 0 25 127 25 22 0.95
6 1 0 25 74 15 16 1.04
7 1 0 25 46 9 5 0.95
8 1 0 25 71 14 9 0.95
9 1 0 25 86 17 14 0.95
10 1 0 25 62 13 14 1.04
11 1 0 25 29 6 8 0.95
12 1 0 25 73 15 14 0.95
13 1 0 25 105 21 25 0.95
14 1 0 25 40 8 12 1.04
15 1 0 25 18 4 2 1.04
16 1 0 25 112 23 21 0.95
17 1 0 25 37 8 5 0.95
18 1 0 25 129 25 24 1.04
19 1 0 25 31 6 2 0.95
20 1 0 25 66 13 11 1.04
21 1 0 25 48 10 11 1.04
22 1 0 25 114 23 24 0.95
23 1 0 25 39 8 7 1.04
24 1 0 25 7 2 1 0.95
25 1 0 25 13 3 2 0.95
26 1 0 25 61 12 6 1.04
27 1 0 25 117 24 21 1.04
28 1 0 25 44 9 12 0.95
29 1 0 25 20 4 7 0.95
30 1 0 25 0 25 0 1.04
31 1 0 25 25 5 11 0.95
32 1 0 25 17 4 1 0.95
33 1 0 25 70 14 17 0.95
34 1 0 25 97 20 17 0.95
35 1 0 25 125 0 4 0.95
36 1 0 25 52 11 9 1.04
37 1 0 25 59 12 11 0.95
38 1 0 25 77 16 13 1.04
39 1 0 25 82 17 18 0.95
40 1 0 25 81 16 11 0.95
41 1 0 25 34 7 8 0.95
42 1 0 25 67 14 13 0.95
43 1 0 25 5 1 7 0.95
44 1 0 25 116 23 20 0.95
45 1 0 25 10 2 5 1.04
46 1 0 25 80 16 20 0.95
47 1 0 25 65 13 17 1.04
48 1 0 25 42 9 10 0.95
49 1 0 25 41 8 4 0.95
50 1 0 25 115 23 25 1.04
51 1 0 25 92 19 17 1.04
52 1 0 25 100 20 24 1.04
53 1 0 25 99 20 19 1.04
54 1 0 25 88 18 19 1.04
55 1 0 25 8 2 3 0.95
56 1 0 25 106 21 19 1.04
57 1 0 25 111 22 20 1.04
58 1 0 25 30 6 10 1.04
59 1 0 25 69 14 16 0.95
60 1 0 25 6 1 0 1.04
61 1 0 25 76 15 9 0.95
62 1 0 25 119 24 23 1.04
63 1 0 25 128 25 23 1.04
64 1 0 25 4 1 4 1.04
65 1 0 25 83 17 19 0.95
66 122 0 1 29 6 8 1.04
67 122 0 1 97 20 17 0.95
68 122 0 1 37 8 5 0.95
69 122 0 1 119 24 23 1.04
70 122 0 1 107 22 21 1.04
71 122 0 1 89 18 20 1.04
72 122 0 1 21 4 0 1.04
73 122 0 1 19 4 3 1.04
74 122 0 1 126 25 21 1.04
75 122 0 1 70 14 17 1.04
76 122 0 1 44 9 12 0.95
77 122 0 1 45 9 16 1.04
78 122 0 1 58 12 10 1.04
79 122 0 1 92 19 17 0.95
80 122 0 1 53 11 10 0.95
81 122 0 1 62 13 14 0.95
82 122 0 1 115 23 25 1.04
83 122 0 1 4 1 4 0.95
84 122 0 1 7 2 1 1.04
85 122 0 1 106 21 19 1.04
86 122 0 1 51 10 5 0.95
87 122 0 1 76 15 9 0.95
88 122 0 1 80 16 20 1.04
89 122 0 1 61 12 6 0.95
90 122 0 1 121 24 19 0.95
91 122 0 1 17 4 1 1.04
92 122 0 1 127 25 22 1.04
93 122 0 1 91 18 14 1.04
94 122 0 1 54 11 12 0.95
95 122 0 1 46 9 5 1.04
96 122 0 1 104 21 24 1.04
97 122 0 1 72 15 13 0.95
98 122 0 1 82 17 18 0.95
99 122 0 1 73 15 14 0.95
100 122 0 1 114 23 24 1.04
101 122 0 1 23 5 7 0.95
102 122 0 1 95 19 22 1.04
103 122 0 1 38 8 6 1.04
104 122 0 1 66 13 11 0.95
105 122 0 1 83 17 19 0.95
106 122 0 1 109 22 24 0.95
107 122 0 1 32 7 5 1.04
108 122 0 1 39 8 7 1.04
109 122 0 1 113 23 22 0.95
110 122 0 1 0 25 0 0.95
111 122 0 1 118 24 22 0.95
112 122 0 1 8 2 3 0.95
113 122 0 1 31 6 2 1.04
114 122 0 1 101 20 16 1.04
115 122 0 1 90 18 23 0.95
116 122 0 1 11 2 0 0.95
117 122 0 1 65 13 17 0.95
118 122 0 1 100 20 24 1.04
119 122 0 1 60 12 13 1.04
120 122 0 1 94 19 20 1.04
121 122 0 1 55 11 14 0.95
122 122 0 1 93 19 18 0.95
123 122 0 1 57 12 9 0.95
124 122 0 1 3 1 3 0.95
125 122 0 1 33 7 6 0.95
126 122 0 1 35 7 10 1.04
127 122 0 1 77 16 13 0.95
128 122 0 1 40 8 12 1.04
129 122 0 1 24 5 8 1.04
130 122 0 1 13 3 2 1.04
131 122 0 1 87 18 17 1.04
132 123 0 2 101 20 16 0.95
133 123 0 2 110 22 25 1.04
134 123 0 2 53 11 10 1.04
135 123 0 2 12 3 1 1.04
136 123 0 2 50 10 16 0.95
137 123 0 2 89 18 20 1.04
138 123 0 2 39 8 7 0.95
139 123 0 2 98 20 18 1.04
140 123 0 2 119 24 23 1.04
141 123 0 2 86 17 14 0.95
142 123 0 2 16 3 0 0.95
143 123 0 2 77 16 13 1.04
144 123 0 2 54 11 12 1.04
145 123 0 2 64 13 16 1.04
146 123 0 2 66 13 11 1.04
147 123 0 2 1 0 25 1.04
148 123 0 2 34 7 8 0.95
149 123 0 2 70 14 17 0.95
150 123 0 2 49 10 12 1.04
151 123 0 2 107 22 21 0.95
152 123 0 2 113 23 22 0.95
153 123 0 2 10 2 5 0.95
154 123 0 2 43 9 11 0.95
155 123 0 2 35 7 10 0.95
156 123 0 2 102 21 22 0.95
157 123 0 2 126 25 21 1.04
158 123 0 2 87 18 17 1.04
159 123 0 2 59 12 11 0.95
160 123 0 2 2 1 2 0.95
161 123 0 2 120 24 25 0.95
162 123 0 2 14 3 4 0.95
163 123 0 2 92 19 17 0.95
164 123 0 2 57 12 9 1.04
165 123 0 2 61 12 6 0.95
166 123 0 2 38 8 6 0.95
167 123 0 2 73 15 14 1.04
168 123 0 2 115 23 25 0.95
169 123 0 2 15 3 7 0.95
170 123 0 2 93 19 18 0.95
171 123 0 2 0 25 0 0.95
172 123 0 2 62 13 14 0.95
173 123 0 2 85 17 21 1.04
174 123 0 2 22 5 6 1.04
175 123 0 2 6 1 0 0.95
176 123 0 2 13 3 2 0.95
177 123 0 2 30 6 10 1.04
178 123 0 2 88 18 19 1.04
179 123 0 2 44 9 12 0.95
180 123 0 2 17 4 1 0.95
181 123 0 2 51 10 5 1.04
182 123 0 2 72 15 13 1.04
183 123 0 2 108 22 23 0.95
184 123 0 2 116 23 20 1.04
185 123 0 2 27 6 5 0.95
186 123 0 2 58 12 10 0.95
187 123 0 2 81 16 11 0.95
188 123 0 2 94 19 20 0.95
189 123 0 2 118 24 22 1.04
190 123 0 2 31 6 2 1.04
191 123 0 2 60 12 13 0.95
192 123 0 2 90 18 23 0.95
193 123 0 2 96 19 13 1.04
194 123 0 2 19 4 3 1.04
195 123 0 2 80 16 20 1.04
196 123 0 2 33 7 6 0.95
197 123 0 2 78 16 14 0.95
198 124 0 3 90 18 23 1.04
199 124 0 3 100 20 24 0.95
200 124 0 3 48 10 11 1.04
201 124 0 3 81 16 11 0.95
202 124 0 3 6 1 0 0.95
203 124 0 3 97 20 17 0.95
204 124 0 3 80 16 20 1.04
205 124 0 3 29 6 8 0.95
206 124 0 3 57 12 9 1.04
207 124 0 3 70 14 17 1.04
208 124 0 3 11 2 0 0.95
209 124 0 3 96 19 13 1.04
210 124 0 3 94 19 20 1.04
211 124 0 3 108 22 23 0.95
212 124 0 3 47 10 9 0.95
213 124 0 3 92 19 17 0.95
214 124 0 3 91 18 14 1.04
215 124 0 3 51 10 5 1.04
216 124 0 3 110 22 25 0.95
217 124 0 3 85 17 21 1.04
218 124 0 3 123 0 2 0.95
219 124 0 3 0 25 0 0.95
220 124 0 3 69 14 16 0.95
221 124 0 3 82 17 18 0.95
222 124 0 3 16 3 0 1.04
223 124 0 3 22 5 6 0.95
224 124 0 3 111 22 20 1.04
225 124 0 3 46 9 5 1.04
226 124 0 3 24 5 8 1.04
227 124 0 3 65 13 17 1.04
228 124 0 3 67 14 13 0.95
229 124 0 3 26 5 4 1.04
230 124 0 3 78 16 14 0.95
231 124 0 3 45 9 16 1.04
232 124 0 3 66 13 11 1.04
233 124 0 3 102 21 22 0.95
234 124 0 3 113 23 22 0.95
235 124 0 3 50 10 16 0.95
236 124 0 3 54 11 12 1.04
237 124 0 3 88 18 19 1.04
238 124 0 3 3 1 3 1.04
239 124 0 3 73 15 14 0.95
240 124 0 3 8 2 3 0.95
241 124 0 3 99 20 19 1.04
242 124 0 3 55 11 14 0.95
243 124 0 3 127 25 22 0.95
244 124 0 3 98 20 18 0.95
245 124 0 3 107 22 21 0.95
246 124 0 3 49 10 12 0.95
247 124 0 3 1 0 25 0.95
248 124 0 3 109 22 24 0.95
249 124 0 3 5 1 7 1.04
250 124 0 3 40 8 12 1.04
251 124 0 3 121 24 19 0.95
252 124 0 3 87 18 17 0.95
253 124 0 3 53 11 10 1.04
254 124 0 3 9 2 4 0.95
255 124 0 3 84 17 20 1.04
256 124 0 3 25 5 11 0.95
257 124 0 3 21 4 0 1.04
258 124 0 3 119 24 23 0.95
259 124 0 3 2 1 2 1.04
260 124 0 3 7 2 1 1.04
261 124 0 3 104 21 24 0.95
262 124 0 3 36 7 3 0.95
263 124 0 3 116 23 20 0.95
264 2 1 2 22 5 6 1.17
265 2 1 2 30 6 10 0.93
266 2 1 2 35 7 10 0.93
267 2 1 2 41 8 4 1.18
268 2 1 2 46 9 5 0.94
269 2 1 2 48 10 11 0.91
270 2 1 2 52 11 9 0.93
271 2 1 2 60 12 13 1.16
272 2 1 2 63 13 15 1.16
273 2 1 2 69 14 16 1.12
274 2 1 2 72 15 13 0.91
275 2 1 2 80 16 20 1.17
276 2 1 2 82 17 18 1.13
277 2 1 2 91 18 14 0.9
278 2 1 2 95 19 22 1.12
279 2 1 2 98 20 18 1.1
280 2 1 2 102 21 22 1.17
281 2 1 2 110 22 25 1.19
282 2 1 2 116 23 20 1.15
283 2 1 2 117 24 21 1.12
284 3 1 3 22 5 6 1.1
285 3 1 3 27 6 5 1.11
286 3 1 3 35 7 10 1.11
287 3 1 3 39 8 7 0.9
288 3 1 3 44 9 12 0.93
289 3 1 3 50 10 16 0.94
290 3 1 3 53 11 10 0.94
291 3 1 3 58 12 10 1.1
292 3 1 3 64 13 16 0.91
293 3 1 3 70 14 17 1.13
294 3 1 3 75 15 19 0.92
295 3 1 3 79 16 15 0.91
296 3 1 3 82 17 18 1.12
297 3 1 3 90 18 23 0.9
298 3 1 3 92 19 17 1.15
299 3 1 3 97 20 17 0.9
300 3 1 3 106 21 19 1.16
301 3 1 3 107 22 21 1.18
302 3 1 3 116 23 20 1.16
303 3 1 3 119 24 23 1.14
304 4 1 4 26 5 4 1.14
305 4 1 4 29 6 8 0.9
306 4 1 4 32 7 5 0.93
307 4 1 4 38 8 6 0.92
308 4 1 4 44 9 12 0.92
309 4 1 4 47 10 9 1.14
310 4 1 4 53 11 10 0.91
311 4 1 4 60 12 13 0.93
312 4 1 4 65 13 17 1.12
313 4 1 4 69 14 16 0.92
314 4 1 4 76 15 9 0.93
315 4 1 4 81 16 11 0.94
316 4 1 4 85 17 21 0.9
317 4 1 4 88 18 19 1.11
318 4 1 4 92 19 17 1.11
319 4 1 4 97 20 17 1.14
320 4 1 4 106 21 19 1.1
321 4 1 4 111 22 20 1.17
322 4 1 4 116 23 20 1.17
323 4 1 4 117 24 21 1.1
324 7 2 1 24 5 8 0.93
325 7 2 1 31 6 2 1.18
326 7 2 1 36 7 3 0.91
327 7 2 1 39 8 7 0.93
328 7 2 1 43 9 11 0.9
329 7 2 1 48 10 11 0.92
330 7 2 1 53 11 10 1.18
331 7 2 1 57 12 9 0.94
332 7 2 1 64 13 16 1.14
333 7 2 1 71 14 9 1.14
334 7 2 1 73 15 14 1.19
335 7 2 1 79 16 15 0.91
336 7 2 1 82 17 18 1.14
337 7 2 1 89 18 20 1.11
338 7 2 1 92 19 17 1.11
339 7 2 1 97 20 17 1.15
340 7 2 1 106 21 19 1.19
341 7 2 1 111 22 20 1.15
342 7 2 1 114 23 24 1.1
343 7 2 1 118 24 22 1.16
344 8 2 3 25 5 11 0.9
345 8 2 3 30 6 10 0.93
346 8 2 3 35 7 10 1.14
347 8 2 3 38 8 6 1.15
348 8 2 3 43 9 11 1.14
349 8 2 3 48 10 11 0.9
350 8 2 3 56 11 6 0.91
351 8 2 3 61 12 6 0.94
352 8 2 3 63 13 15 1.14
353 8 2 3 69 14 16 0.93
354 8 2 3 75 15 19 1.13
355 8 2 3 78 16 14 1.18
356 8 2 3 86 17 14 1.11
357 8 2 3 90 18 23 1.13
358 8 2 3 92 19 17 1.13
359 8 2 3 99 20 19 0.93
360 8 2 3 106 21 19 1.19
361 8 2 3 111 22 20 1.14
362 8 2 3 116 23 20 1.18
363 8 2 3 117 24 21 1.1
364 9 2 4 22 5 6 1.16
365 9 2 4 30 6 10 1.1
366 9 2 4 33 7 6 0.93
367 9 2 4 39 8 7 1.11
368 9 2 4 45 9 16 1.14
369 9 2 4 47 10 9 0.94
370 9 2 4 53 11 10 0.93
371 9 2 4 57 12 9 0.91
372 9 2 4 62 13 14 1.1
373 9 2 4 69 14 16 1.11
374 9 2 4 73 15 14 0.91
375 9 2 4 77 16 13 0.91
376 9 2 4 84 17 20 0.92
377 9 2 4 87 18 17 1.18
378 9 2 4 92 19 17 0.91
379 9 2 4 100 20 24 1.13
380 9 2 4 105 21 25 1.12
381 9 2 4 111 22 20 1.13
382 9 2 4 113 23 22 1.14
383 9 2 4 121 24 19 1.17
384 12 3 1 23 5 7 0.91
385 12 3 1 31 6 2 0.93
386 12 3 1 36 7 3 1.17
387 12 3 1 40 8 12 1.14
388 12 3 1 43 9 11 0.93
389 12 3 1 49 10 12 0.9
390 12 3 1 56 11 6 0.92
391 12 3 1 59 12 11 1.17
392 12 3 1 66 13 11 1.17
393 12 3 1 70 14 17 1.14
394 12 3 1 74 15 16 0.92
395 12 3 1 77 16 13 1.16
396 12 3 1 86 17 14 0.93
397 12 3 1 88 18 19 0.93
398 12 3 1 93 19 18 0.91
399 12 3 1 97 20 17 1.19
400 12 3 1 103 21 23 1.11
401 12 3 1 108 22 23 1.13
402 12 3 1 116 23 20 1.12
403 12 3 1 120 24 25 1.17
404 13 3 2 26 5 4 0.92
405 13 3 2 30 6 10 0.91
406 13 3 2 33 7 6 0.9
407 13 3 2 37 8 5 1.15
408 13 3 2 45 9 16 0.94
409 13 3 2 49 10 12 1.11
410 13 3 2 55 11 14 0.93
411 13 3 2 58 12 10 0.9
412 13 3 2 62 13 14 0.93
413 13 3 2 68 14 15 1.18
414 13 3 2 76 15 9 1.12
415 13 3 2 78 16 14 0.93
416 13 3 2 86 17 14 0.9
417 13 3 2 87 18 17 0.92
418 13 3 2 92 19 17 1.11
419 13 3 2 98 20 18 1.14
420 13 3 2 104 21 24 1.12
421 13 3 2 111 22 20 1.17
422 13 3 2 113 23 22 1.17
423 13 3 2 121 24 19 1.13
424 14 3 4 25 5 11 1.19
425 14 3 4 29 6 8 1.11
426 14 3 4 36 7 3 0.91
427 14 3 4 38 8 6 0.94
428 14 3 4 42 9 10 0.93
429 14 3 4 50 10 16 0.9
430 14 3 4 56 11 6 0.9
431 14 3 4 58 12 10 0.94
432 14 3 4 64 13 16 0.94
433 14 3 4 69 14 16 0.9
434 14 3 4 73 15 14 1.13
435 14 3 4 80 16 20 0.92
436 14 3 4 85 17 21 1.16
437 14 3 4 88 18 19 1.12
438 14 3 4 95 19 22 1.17
439 14 3 4 99 20 19 1.16
440 14 3 4 105 21 25 1.1
441 14 3 4 110 22 25 1.16
442 14 3 4 112 23 21 1.11
443 14 3 4 117 24 21 1.18
444 17 4 1 24 5 8 0.93
445 17 4 1 27 6 5 0.92
446 17 4 1 33 7 6 1.1
447 17 4 1 38 8 6 1.19
448 17 4 1 42 9 10 0.93
449 17 4 1 47 10 9 0.94
450 17 4 1 55 11 14 1.14
451 17 4 1 59 12 11 0.91
452 17 4 1 66 13 11 1.1
453 17 4 1 67 14 13 1.15
454 17 4 1 75 15 19 1.19
455 17 4 1 78 16 14 1.13
456 17 4 1 83 17 19 1.17
457 17 4 1 90 18 23 1.11
458 17 4 1 92 19 17 1.18
459 17 4 1 101 20 16 1.1
460 17 4 1 106 21 19 1.13
461 17 4 1 107 22 21 1.13
462 17 4 1 113 23 22 1.19
463 17 4 1 118 24 22 1.16
464 18 4 2 22 5 6 1.13
465 18 4 2 29 6 8 0.94
466 18 4 2 36 7 3 0.93
467 18 4 2 38 8 6 0.91
468 18 4 2 45 9 16 1.12
469 18 4 2 51 10 5 1.14
470 18 4 2 53 11 10 0.94
471 18 4 2 60 12 13 0.93
472 18 4 2 63 13 15 0.91
473 18 4 2 67 14 13 1.15
474 18 4 2 75 15 19 1.12
475 18 4 2 78 16 14 1.1
476 18 4 2 84 17 20 1.11
477 18 4 2 87 18 17 1.17
478 18 4 2 96 19 13 1.19
479 18 4 2 98 20 18 1.1
480 18 4 2 105 21 25 1.13
481 18 4 2 110 22 25 1.13
482 18 4 2 112 23 21 1.11
483 18 4 2 117 24 21 1.16
484 19 4 3 24 5 8 0.93
485 19 4 3 31 6 2 0.92
486 19 4 3 35 7 10 1.17
487 19 4 3 37 8 5 1.17
488 19 4 3 43 9 11 0.93
489 19 4 3 48 10 11 1.18
490 19 4 3 52 11 9 0.9
491 19 4 3 58 12 10 1.18
492 19 4 3 66 13 11 1.16
493 19 4 3 67 14 13 0.92
494 19 4 3 75 15 19 1.11
495 19 4 3 78 16 14 0.93
496 19 4 3 85 17 21 1.19
497 19 4 3 87 18 17 1.13
498 19 4 3 95 19 22 1.14
499 19 4 3 97 20 17 0.94
500 19 4 3 102 21 22 1.1
501 19 4 3 107 22 21 1.13
502 19 4 3 115 23 25 1.13
503 19 4 3 120 24 25 1.18
504 22 5 6 45 9 16 1.18
505 22 5 6 49 10 12 0.9
506 22 5 6 55 11 14 0.92
507 22 5 6 58 12 10 0.91
508 22 5 6 66 13 11 0.93
509 22 5 6 70 14 17 0.91
510 22 5 6 72 15 13 1.15
511 22 5 6 77 16 13 0.92
512 22 5 6 84 17 20 1.16
513 22 5 6 90 18 23 1.13
514 22 5 6 95 19 22 1.14
515 22 5 6 97 20 17 1.13
516 22 5 6 106 21 19 0.9
517 22 5 6 109 22 24 0.9
518 22 5 6 115 23 25 1.1
519 22 5 6 121 24 19 1.14
520 22 5 6 5 1 7 1.13
521 22 5 6 10 2 5 1.15
522 22 5 6 14 3 4 1.17
523 22 5 6 21 4 0 1.11
524 23 5 7 43 9 11 0.92
525 23 5 7 50 10 16 1.13
526 23 5 7 53 11 10 1.16
527 23 5 7 59 12 11 0.91
528 23 5 7 64 13 16 1.12
529 23 5 7 70 14 17 0.93
530 23 5 7 74 15 16 0.9
531 23 5 7 81 16 11 1.17
532 23 5 7 85 17 21 1.12
533 23 5 7 87 18 17 0.91
534 23 5 7 95 19 22 0.91
535 23 5 7 98 20 18 1.15
536 23 5 7 102 21 22 0.9
537 23 5 7 108 22 23 0.92
538 23 5 7 115 23 25 1.14
539 23 5 7 120 24 25 1.18
540 23 5 7 2 1 2 1.12
541 23 5 7 8 2 3 1.19
542 23 5 7 12 3 1 1.19
543 23 5 7 21 4 0 1.13
544 24 5 8 43 9 11 1.18
545 24 5 8 49 10 12 0.92
546 24 5 8 54 11 12 0.94
547 24 5 8 57 12 9 1.1
548 24 5 8 66 13 11 1.11
549 24 5 8 68 14 15 0.9
550 24 5 8 72 15 13 1.16
551 24 5 8 78 16 14 0.93
552 24 5 8 83 17 19 1.12
553 24 5 8 88 18 19 1.19
554 24 5 8 95 19 22 0.9
555 24 5 8 100 20 24 1.1
556 24 5 8 104 21 24 1.15
557 24 5 8 110 22 25 0.91
558 24 5 8 114 23 24 0.9
559 24 5 8 120 24 25 1.18
560 24 5 8 4 1 4 1.16
561 24 5 8 8 2 3 1.11
562 24 5 8 12 3 1 1.17
563 24 5 8 18 4 2 1.17
564 27 6 5 45 9 16 0.92
565 27 6 5 51 10 5 1.1
566 27 6 5 54 11 12 0.9
567 27 6 5 57 12 9 0.91
568 27 6 5 66 13 11 0.9
569 27 6 5 69 14 16 0.93
570 27 6 5 72 15 13 0.9
571 27 6 5 77 16 13 0.9
572 27 6 5 82 17 18 0.91
573 27 6 5 91 18 14 0.9
574 27 6 5 96 19 13 1.14
575 27 6 5 98 20 18 0.93
576 27 6 5 103 21 23 1.13
577 27 6 5 108 22 23 1.16
578 27 6 5 113 23 22 1.14
579 27 6 5 120 24 25 1.18
580 27 6 5 4 1 4 1.13
581 27 6 5 7 2 1 1.11
582 27 6 5 12 3 1 1.13
583 27 6 5 21 4 0 1.15
584 28 6 7 46 9 5 0.94
585 28 6 7 50 10 16 0.93
586 28 6 7 55 11 14 0.94
587 28 6 7 61 12 6 1.15
588 28 6 7 63 13 15 0.94
589 28 6 7 71 14 9 1.14
590 28 6 7 75 15 19 0.91
591 28 6 7 79 16 15 1.17
592 28 6 7 86 17 14 0.92
593 28 6 7 87 18 17 1.17
594 28 6 7 95 19 22 1.14
595 28 6 7 98 20 18 1.14
596 28 6 7 102 21 22 1.14
597 28 6 7 109 22 24 1.12
598 28 6 7 114 23 24 1.19
599 28 6 7 121 24 19 1.19
600 28 6 7 4 1 4 1.15
601 28 6 7 9 2 4 1.15
602 28 6 7 14 3 4 1.17
603 28 6 7 21 4 0 1.18
604 29 6 8 43 9 11 1.12
605 29 6 8 48 10 11 0.92
606 29 6 8 55 11 14 0.92
607 29 6 8 57 12 9 0.92
608 29 6 8 64 13 16 0.94
609 29 6 8 68 14 15 0.92
610 29 6 8 73 15 14 1.18
611 29 6 8 77 16 13 0.92
612 29 6 8 83 17 19 1.13
613 29 6 8 90 18 23 1.18
614 29 6 8 92 19 17 1.17
615 29 6 8 101 20 16 1.12
616 29 6 8 102 21 22 1.16
617 29 6 8 111 22 20 0.94
618 29 6 8 113 23 22 1.17
619 29 6 8 118 24 22 1.17
620 29 6 8 2 1 2 1.12
621 29 6 8 11 2 0 1.11
622 29 6 8 15 3 7 1.19
623 29 6 8 17 4 1 1.14
624 32 7 5 46 9 5 0.93
625 32 7 5 47 10 9 1.11
626 32 7 5 56 11 6 0.92
627 32 7 5 57 12 9 0.91
628 32 7 5 66 13 11 0.93
629 32 7 5 71 14 9 1.13
630 32 7 5 72 15 13 1.11
631 32 7 5 79 16 15 1.12
632 32 7 5 86 17 14 0.91
633 32 7 5 88 18 19 0.9
634 32 7 5 94 19 20 1.14
635 32 7 5 98 20 18 1.1
636 32 7 5 106 21 19 1.17
637 32 7 5 110 22 25 1.13
638 32 7 5 116 23 20 1.18
639 32 7 5 117 24 21 1.17
640 32 7 5 3 1 3 1.16
641 32 7 5 10 2 5 1.13
642 32 7 5 15 3 7 1.19
643 32 7 5 18 4 2 1.15
644 33 7 6 42 9 10 0.93
645 33 7 6 50 10 16 1.1
646 33 7 6 56 11 6 0.94
647 33 7 6 59 12 11 0.92
648 33 7 6 64 13 16 0.93
649 33 7 6 68 14 15 0.91
650 33 7 6 73 15 14 0.91
651 33 7 6 80 16 20 0.91
652 33 7 6 86 17 14 0.9
653 33 7 6 88 18 19 1.13
654 33 7 6 92 19 17 1.14
655 33 7 6 101 20 16 1.14
656 33 7 6 102 21 22 1.15
657 33 7 6 110 22 25 0.94
658 33 7 6 113 23 22 1.15
659 33 7 6 117 24 21 0.91
660 33 7 6 2 1 2 1.13
661 33 7 6 9 2 4 1.11
662 33 7 6 16 3 0 1.13
663 33 7 6 20 4 7 1.11
664 34 7 8 45 9 16 0.91
665 34 7 8 49 10 12 0.92
666 34 7 8 53 11 10 0.9
667 34 7 8 57 12 9 0.9
668 34 7 8 62 13 14 0.92
669 34 7 8 69 14 16 0.94
670 34 7 8 74 15 16 1.18
671 34 7 8 81 16 11 0.92
672 34 7 8 83 17 19 1.16
673 34 7 8 89 18 20 1.1
674 34 7 8 95 19 22 1.17
675 34 7 8 98 20 18 1.19
676 34 7 8 105 21 25 1.18
677 34 7 8 109 22 24 1.13
678 34 7 8 112 23 21 1.15
679 34 7 8 119 24 23 0.92
680 34 7 8 6 1 0 1.15
681 34 7 8 7 2 1 1.19
682 34 7 8 13 3 2 1.16
683 34 7 8 19 4 3 1.14
684 37 8 5 42 9 10 0.94
685 37 8 5 51 10 5 0.93
686 37 8 5 52 11 9 0.92
687 37 8 5 57 12 9 1.17
688 37 8 5 64 13 16 1.14
689 37 8 5 71 14 9 1.15
690 37 8 5 75 15 19 0.93
691 37 8 5 81 16 11 0.91
692 37 8 5 85 17 21 1.19
693 37 8 5 87 18 17 0.93
694 37 8 5 92 19 17 0.9
695 37 8 5 101 20 16 1.19
696 37 8 5 104 21 24 1.15
697 37 8 5 110 22 25 0.94
698 37 8 5 114 23 24 1.17
699 37 8 5 118 24 22 1.12
700 37 8 5 5 1 7 1.16
701 37 8 5 11 2 0 1.15
702 37 8 5 12 3 1 1.1
703 37 8 5 20 4 7 1.18
704 38 8 6 43 9 11 0.92
705 38 8 6 47 10 9 1.13
706 38 8 6 53 11 10 0.92
707 38 8 6 59 12 11 1.1
708 38 8 6 63 13 15 1.17
709 38 8 6 67 14 13 0.93
710 38 8 6 75 15 19 0.94
711 38 8 6 81 16 11 0.94
712 38 8 6 82 17 18 1.17
713 38 8 6 88 18 19 1.11
714 38 8 6 94 19 20 0.92
715 38 8 6 98 20 18 1.15
716 38 8 6 102 21 22 1.17
717 38 8 6 107 22 21 1.19
718 38 8 6 113 23 22 1.11
719 38 8 6 119 24 23 1.19
720 38 8 6 3 1 3 1.14
721 38 8 6 10 2 5 1.19
722 38 8 6 15 3 7 1.12
723 38 8 6 21 4 0 1.13
724 39 8 7 45 9 16 0.94
725 39 8 7 47 10 9 0.91
726 39 8 7 54 11 12 0.91
727 39 8 7 60 12 13 0.92
728 39 8 7 65 13 17 0.94
729 39 8 7 68 14 15 1.12
730 39 8 7 76 15 9 1.19
731 39 8 7 79 16 15 1.13
732 39 8 7 86 17 14 0.94
733 39 8 7 89 18 20 0.93
734 39 8 7 92 19 17 1.13
735 39 8 7 101 20 16 1.13
736 39 8 7 102 21 22 1.17
737 39 8 7 107 22 21 0.92
738 39 8 7 113 23 22 1.18
739 39 8 7 117 24 21 1.1
740 39 8 7 6 1 0 1.13
741 39 8 7 7 2 1 1.11
742 39 8 7 13 3 2 1.17
743 39 8 7 18 4 2 1.11
744 42 9 10 65 13 17 0.92
745 42 9 10 70 14 17 0.94
746 42 9 10 74 15 16 0.92
747 42 9 10 77 16 13 1.11
748 42 9 10 83 17 19 1.17
749 42 9 10 88 18 19 0.9
750 42 9 10 94 19 20 0.91
751 42 9 10 98 20 18 0.9
752 42 9 10 102 21 22 1.15
753 42 9 10 108 22 23 0.9
754 42 9 10 115 23 25 0.94
755 42 9 10 118 24 22 0.94
756 42 9 10 6 1 0 1.12
757 42 9 10 9 2 4 1.16
758 42 9 10 12 3 1 1.14
759 42 9 10 21 4 0 1.1
760 42 9 10 24 5 8 1.17
761 42 9 10 28 6 7 1.13
762 42 9 10 36 7 3 1.12
763 42 9 10 39 8 7 1.12
764 43 9 11 62 13 14 1.12
765 43 9 11 70 14 17 0.93
766 43 9 11 72 15 13 0.9
767 43 9 11 78 16 14 0.9
768 43 9 11 86 17 14 0.93
769 43 9 11 88 18 19 0.93
770 43 9 11 96 19 13 0.91
771 43 9 11 101 20 16 1.14
772 43 9 11 104 21 24 1.1
773 43 9 11 108 22 23 0.93
774 43 9 11 116 23 20 0.93
775 43 9 11 117 24 21 0.92
776 43 9 11 4 1 4 1.16
777 43 9 11 8 2 3 1.18
778 43 9 11 14 3 4 0.92
779 43 9 11 17 4 1 0.9
780 43 9 11 26 5 4 1.17
781 43 9 11 31 6 2 1.12
782 43 9 11 35 7 10 1.1
783 43 9 11 39 8 7 1.16
784 44 9 12 66 13 11 0.9
785 44 9 12 68 14 15 0.92
786 44 9 12 76 15 9 0.92
787 44 9 12 78 16 14 0.93
788 44 9 12 86 17 14 0.91
789 44 9 12 90 18 23 1.1
790 44 9 12 96 19 13 0.9
791 44 9 12 100 20 24 0.9
792 44 9 12 106 21 19 0.92
793 44 9 12 110 22 25 1.11
794 44 9 12 116 23 20 0.91
795 44 9 12 118 24 22 0.92
796 44 9 12 5 1 7 1.16
797 44 9 12 11 2 0 1.14
798 44 9 12 12 3 1 1.17
799 44 9 12 20 4 7 0.92
800 44 9 12 22 5 6 1.17
801 44 9 12 29 6 8 1.12
802 44 9 12 35 7 10 1.15
803 44 9 12 37 8 5 1.15
804 47 10 9 66 13 11 1.15
805 47 10 9 67 14 13 0.9
806 47 10 9 75 15 19 0.9
807 47 10 9 80 16 20 1.13
808 47 10 9 86 17 14 1.17
809 47 10 9 87 18 17 0.94
810 47 10 9 94 19 20 1.12
811 47 10 9 99 20 19 1.1
812 47 10 9 103 21 23 0.92
813 47 10 9 111 22 20 0.92
814 47 10 9 114 23 24 1.17
815 47 10 9 121 24 19 0.91
816 47 10 9 5 1 7 1.1
817 47 10 9 9 2 4 1.19
818 47 10 9 15 3 7 1.13
819 47 10 9 17 4 1 0.94
820 47 10 9 24 5 8 1.13
821 47 10 9 30 6 10 1.18
822 47 10 9 33 7 6 1.18
823 47 10 9 37 8 5 1.18
824 48 10 11 65 13 17 0.92
825 48 10 11 71 14 9 0.94
826 48 10 11 76 15 9 1.15
827 48 10 11 78 16 14 0.92
828 48 10 11 82 17 18 0.93
829 48 10 11 88 18 19 1.16
830 48 10 11 93 19 18 1.12
831 48 10 11 99 20 19 0.9
832 48 10 11 104 21 24 1.16
833 48 10 11 109 22 24 1.1
834 48 10 11 115 23 25 1.16
835 48 10 11 118 24 22 0.92
836 48 10 11 5 1 7 1.18
837 48 10 11 7 2 1 1.17
838 48 10 11 12 3 1 1.13
839 48 10 11 20 4 7 1.18
840 48 10 11 25 5 11 1.18
841 48 10 11 27 6 5 1.13
842 48 10 11 33 7 6 1.16
843 48 10 11 37 8 5 1.13
844 49 10 12 65 13 17 0.94
845 49 10 12 67 14 13 0.91
846 49 10 12 74 15 16 0.94
847 49 10 12 79 16 15 0.92
848 49 10 12 86 17 14 0.9
849 49 10 12 90 18 23 0.92
850 49 10 12 95 19 22 0.91
851 49 10 12 97 20 17 0.92
852 49 10 12 106 21 19 0.91
853 49 10 12 111 22 20 1.14
854 49 10 12 112 23 21 1.17
855 49 10 12 121 24 19 0.93
856 49 10 12 2 1 2 1.1
857 49 10 12 9 2 4 0.94
858 49 10 12 16 3 0 1.17
859 49 10 12 18 4 2 1.16
860 49 10 12 26 5 4 1.16
861 49 10 12 30 6 10 1.13
862 49 10 12 35 7 10 1.16
863 49 10 12 38 8 6 1.12
864 52 11 9 66 13 11 0.9
865 52 11 9 67 14 13 1.14
866 52 11 9 74 15 16 0.92
867 52 11 9 80 16 20 0.94
868 52 11 9 85 17 21 0.93
869 52 11 9 87 18 17 1.12
870 52 11 9 96 19 13 1.19
871 52 11 9 101 20 16 0.93
872 52 11 9 104 21 24 0.9
873 52 11 9 107 22 21 1.19
874 52 11 9 114 23 24 0.94
875 52 11 9 120 24 25 1.13
876 52 11 9 4 1 4 1.17
877 52 11 9 11 2 0 1.17
878 52 11 9 16 3 0 1.19
879 52 11 9 21 4 0 0.93
880 52 11 9 23 5 7 1.18
881 52 11 9 27 6 5 1.11
882 52 11 9 34 7 8 1.11
883 52 11 9 41 8 4 1.1
884 53 11 10 65 13 17 0.93
885 53 11 10 68 14 15 0.9
886 53 11 10 74 15 16 0.9
887 53 11 10 77 16 13 0.93
888 53 11 10 84 17 20 1.19
889 53 11 10 90 18 23 0.93
890 53 11 10 96 19 13 1.15
891 53 11 10 97 20 17 0.9
892 53 11 10 103 21 23 1.17
893 53 11 10 110 22 25 1.19
894 53 11 10 115 23 25 1.12
895 53 11 10 117 24 21 1.16
896 53 11 10 4 1 4 1.1
897 53 11 10 7 2 1 0.93
898 53 11 10 14 3 4 1.11
899 53 11 10 20 4 7 1.19
900 53 11 10 24 5 8 1.11
901 53 11 10 29 6 8 1.15
902 53 11 10 32 7 5 1.15
903 53 11 10 39 8 7 1.19
904 54 11 12 65 13 17 0.94
905 54 11 12 68 14 15 0.9
906 54 11 12 75 15 19 0.91
907 54 11 12 77 16 13 0.92
908 54 11 12 86 17 14 1.16
909 54 11 12 89 18 20 0.92
910 54 11 12 93 19 18 0.94
911 54 11 12 99 20 19 0.9
912 54 11 12 106 21 19 0.92
913 54 11 12 109 22 24 0.94
914 54 11 12 116 23 20 1.11
915 54 11 12 120 24 25 1.18
916 54 11 12 3 1 3 1.12
917 54 11 12 10 2 5 1.17
918 54 11 12 14 3 4 1.11
919 54 11 12 20 4 7 1.12
920 54 11 12 24 5 8 1.11
921 54 11 12 28 6 7 1.19
922 54 11 12 32 7 5 1.13
923 54 11 12 40 8 12 1.13
924 57 12 9 65 13 17 0.91
925 57 12 9 71 14 9 1.16
926 57 12 9 75 15 19 0.91
927 57 12 9 79 16 15 0.93
928 57 12 9 84 17 20 0.93
929 57 12 9 90 18 23 1.17
930 57 12 9 93 19 18 0.91
931 57 12 9 101 20 16 0.94
932 57 12 9 105 21 25 0.94
933 57 12 9 111 22 20 0.9
934 57 12 9 114 23 24 0.92
935 57 12 9 120 24 25 0.9
936 57 12 9 5 1 7 0.92
937 57 12 9 8 2 3 1.19
938 57 12 9 13 3 2 1.1
939 57 12 9 20 4 7 1.15
940 57 12 9 23 5 7 1.13
941 57 12 9 30 6 10 1.15
942 57 12 9 35 7 10 1.14
943 57 12 9 41 8 4 1.18
944 58 12 10 62 13 14 0.92
945 58 12 10 68 14 15 0.94
946 58 12 10 76 15 9 1.13
947 58 12 10 81 16 11 0.91
948 58 12 10 84 17 20 1.16
949 58 12 10 88 18 19 0.91
950 58 12 10 96 19 13 0.92
951 58 12 10 99 20 19 1.13
952 58 12 10 106 21 19 0.94
953 58 12 10 110 22 25 0.92
954 58 12 10 115 23 25 0.94
955 58 12 10 118 24 22 1.19
956 58 12 10 2 1 2 0.91
957 58 12 10 10 2 5 1.16
958 58 12 10 12 3 1 0.91
959 58 12 10 21 4 0 0.9
960 58 12 10 22 5 6 1.18
961 58 12 10 28 6 7 1.15
962 58 12 10 33 7 6 1.15
963 58 12 10 41 8 4 1.18
964 59 12 11 62 13 14 0.9
965 59 12 11 68 14 15 0.94
966 59 12 11 76 15 9 0.92
967 59 12 11 80 16 20 0.9
968 59 12 11 84 17 20 0.94
969 59 12 11 90 18 23 0.94
970 59 12 11 95 19 22 0.9
971 59 12 11 98 20 18 0.94
972 59 12 11 106 21 19 1.17
973 59 12 11 110 22 25 0.93
974 59 12 11 115 23 25 0.94
975 59 12 11 119 24 23 1.11
976 59 12 11 3 1 3 1.12
977 59 12 11 9 2 4 1.16
978 59 12 11 12 3 1 1.18
979 59 12 11 19 4 3 1.16
980 59 12 11 24 5 8 1.17
981 59 12 11 31 6 2 1.14
982 59 12 11 33 7 6 1.19
983 59 12 11 38 8 6 1.18
984 62 13 14 82 17 18 0.92
985 62 13 14 90 18 23 0.9
986 62 13 14 93 19 18 1.17
987 62 13 14 100 20 24 0.94
988 62 13 14 106 21 19 0.94
989 62 13 14 110 22 25 0.9
990 62 13 14 113 23 22 0.91
991 62 13 14 120 24 25 1.17
992 62 13 14 6 1 0 1.19
993 62 13 14 8 2 3 0.9
994 62 13 14 16 3 0 0.92
995 62 13 14 21 4 0 1.14
996 62 13 14 25 5 11 1.11
997 62 13 14 31 6 2 1.19
998 62 13 14 36 7 3 0.9
999 62 13 14 39 8 7 1.18
1000 62 13 14 42 9 10 1.13
1001 62 13 14 49 10 12 1.15
1002 62 13 14 54 11 12 1.1
1003 62 13 14 58 12 10 1.17
1004 63 13 15 83 17 19 0.91
1005 63 13 15 90 18 23 1.13
1006 63 13 15 96 19 13 0.9
1007 63 13 15 101 20 16 0.94
1008 63 13 15 106 21 19 1.15
1009 63 13 15 111 22 20 0.91
1010 63 13 15 113 23 22 1.18
1011 63 13 15 118 24 22 0.92
1012 63 13 15 5 1 7 1.12
1013 63 13 15 9 2 4 1.11
1014 63 13 15 16 3 0 0.94
1015 63 13 15 19 4 3 1.15
1016 63 13 15 22 5 6 0.94
1017 63 13 15 30 6 10 1.19
1018 63 13 15 34 7 8 0.92
1019 63 13 15 41 8 4 1.13
1020 63 13 15 42 9 10 1.14
1021 63 13 15 50 10 16 1.14
1022 63 13 15 56 11 6 1.11
1023 63 13 15 61 12 6 1.16
1024 64 13 16 84 17 20 0.93
1025 64 13 16 90 18 23 0.93
1026 64 13 16 93 19 18 0.94
1027 64 13 16 97 20 17 0.93
1028 64 13 16 106 21 19 0.94
1029 64 13 16 110 22 25 0.9
1030 64 13 16 113 23 22 1.15
1031 64 13 16 120 24 25 1.18
1032 64 13 16 4 1 4 1.16
1033 64 13 16 9 2 4 0.94
1034 64 13 16 15 3 7 0.94
1035 64 13 16 18 4 2 0.91
1036 64 13 16 24 5 8 1.15
1037 64 13 16 27 6 5 1.17
1038 64 13 16 32 7 5 0.93
1039 64 13 16 41 8 4 1.18
1040 64 13 16 45 9 16 1.18
1041 64 13 16 50 10 16 1.14
1042 64 13 16 52 11 9 1.12
1043 64 13 16 59 12 11 1.18
1044 67 14 13 86 17 14 0.93
1045 67 14 13 88 18 19 0.92
1046 67 14 13 94 19 20 0.94
1047 67 14 13 99 20 19 0.9
1048 67 14 13 104 21 24 0.9
1049 67 14 13 108 22 23 1.17
1050 67 14 13 112 23 21 1.12
1051 67 14 13 117 24 21 0.92
1052 67 14 13 4 1 4 0.94
1053 67 14 13 8 2 3 1.16
1054 67 14 13 14 3 4 1.11
1055 67 14 13 17 4 1 1.19
1056 67 14 13 23 5 7 1.17
1057 67 14 13 31 6 2 1.16
1058 67 14 13 32 7 5 0.94
1059 67 14 13 37 8 5 1.11
1060 67 14 13 45 9 16 1.17
1061 67 14 13 48 10 11 1.16
1062 67 14 13 54 11 12 1.17
1063 67 14 13 61 12 6 1.12
1064 68 14 15 84 17 20 0.92
1065 68 14 15 87 18 17 0.94
1066 68 14 15 93 19 18 0.9
1067 68 14 15 97 20 17 1.17
1068 68 14 15 104 21 24 1.16
1069 68 14 15 110 22 25 0.93
1070 68 14 15 112 23 21 0.92
1071 68 14 15 121 24 19 1.15
1072 68 14 15 5 1 7 0.94
1073 68 14 15 11 2 0 1.1
1074 68 14 15 13 3 2 1.18
1075 68 14 15 18 4 2 1.14
1076 68 14 15 23 5 7 1.19
1077 68 14 15 30 6 10 1.11
1078 68 14 15 32 7 5 1.1
1079 68 14 15 38 8 6 1.19
1080 68 14 15 42 9 10 1.1
1081 68 14 15 51 10 5 1.11
1082 68 14 15 54 11 12 1.13
1083 68 14 15 60 12 13 1.18
1084 69 14 16 83 17 19 0.92
1085 69 14 16 90 18 23 0.94
1086 69 14 16 95 19 22 1.15
1087 69 14 16 98 20 18 1.11
1088 69 14 16 102 21 22 0.91
1089 69 14 16 111 22 20 0.9
1090 69 14 16 115 23 25 0.94
1091 69 14 16 119 24 23 1.16
1092 69 14 16 5 1 7 1.17
1093 69 14 16 8 2 3 1.12
1094 69 14 16 12 3 1 1.19
1095 69 14 16 21 4 0 0.9
1096 69 14 16 22 5 6 1.12
1097 69 14 16 30 6 10 1.1
1098 69 14 16 35 7 10 1.1
1099 69 14 16 40 8 12 0.93
1100 69 14 16 44 9 12 1.19
1101 69 14 16 51 10 5 1.11
1102 69 14 16 52 11 9 1.1
1103 69 14 16 57 12 9 1.12
1104 72 15 13 84 17 20 0.93
1105 72 15 13 91 18 14 0.94
1106 72 15 13 95 19 22 1.18
1107 72 15 13 101 20 16 0.92
1108 72 15 13 102 21 22 1.18
1109 72 15 13 111 22 20 0.93
1110 72 15 13 116 23 20 0.9
1111 72 15 13 118 24 22 0.91
1112 72 15 13 2 1 2 1.17
1113 72 15 13 9 2 4 0.92
1114 72 15 13 14 3 4 1.12
1115 72 15 13 20 4 7 1.17
1116 72 15 13 23 5 7 0.9
1117 72 15 13 27 6 5 1.18
1118 72 15 13 36 7 3 1.15
1119 72 15 13 40 8 12 0.91
1120 72 15 13 42 9 10 1.15
1121 72 15 13 51 10 5 1.15
1122 72 15 13 52 11 9 1.17
1123 72 15 13 61 12 6 1.11
1124 73 15 14 85 17 21 0.93
1125 73 15 14 88 18 19 0.91
1126 73 15 14 94 19 20 0.91
1127 73 15 14 98 20 18 0.9
1128 73 15 14 105 21 25 1.11
1129 73 15 14 107 22 21 0.92
1130 73 15 14 112 23 21 1.12
1131 73 15 14 117 24 21 1.15
1132 73 15 14 2 1 2 0.93
1133 73 15 14 7 2 1 1.18
1134 73 15 14 15 3 7 1.18
1135 73 15 14 17 4 1 0.94
1136 73 15 14 22 5 6 0.9
1137 73 15 14 28 6 7 1.19
1138 73 15 14 33 7 6 1.13
1139 73 15 14 40 8 12 1.16
1140 73 15 14 46 9 5 1.16
1141 73 15 14 50 10 16 1.12
1142 73 15 14 52 11 9 1.17
1143 73 15 14 61 12 6 1.17
1144 74 15 16 82 17 18 1.13
1145 74 15 16 87 18 17 0.93
1146 74 15 16 93 19 18 0.92
1147 74 15 16 98 20 18 0.91
1148 74 15 16 106 21 19 1.17
1149 74 15 16 108 22 23 0.9
1150 74 15 16 113 23 22 1.13
1151 74 15 16 121 24 19 0.94
1152 74 15 16 6 1 0 1.19
1153 74 15 16 8 2 3 0.91
1154 74 15 16 15 3 7 1.1
1155 74 15 16 17 4 1 0.94
1156 74 15 16 22 5 6 1.12
1157 74 15 16 28 6 7 0.92
1158 74 15 16 32 7 5 1.11
1159 74 15 16 39 8 7 1.14
1160 74 15 16 42 9 10 1.18
1161 74 15 16 50 10 16 1.19
1162 74 15 16 54 11 12 1.16
1163 74 15 16 61 12 6 1.11
1164 77 16 13 85 17 21 0.91
1165 77 16 13 90 18 23 1.19
1166 77 16 13 94 19 20 0.9
1167 77 16 13 100 20 24 1.18
1168 77 16 13 104 21 24 0.91
1169 77 16 13 110 22 25 1.18
1170 77 16 13 113 23 22 1.18
1171 77 16 13 118 24 22 0.9
1172 77 16 13 5 1 7 1.1
1173 77 16 13 8 2 3 1.17
1174 77 16 13 12 3 1 1.13
1175 77 16 13 21 4 0 1.1
1176 77 16 13 26 5 4 1.18
1177 77 16 13 31 6 2 1.1
1178 77 16 13 35 7 10 1.13
1179 77 16 13 41 8 4 1.13
1180 77 16 13 45 9 16 1.15
1181 77 16 13 51 10 5 1.12
1182 77 16 13 56 11 6 1.16
1183 77 16 13 57 12 9 1.18
1184 78 16 14 85 17 21 0.9
1185 78 16 14 87 18 17 1.11
1186 78 16 14 93 19 18 0.92
1187 78 16 14 101 20 16 0.93
1188 78 16 14 103 21 23 0.92
1189 78 16 14 110 22 25 0.93
1190 78 16 14 116 23 20 0.91
1191 78 16 14 121 24 19 0.92
1192 78 16 14 3 1 3 0.9
1193 78 16 14 7 2 1 1.12
1194 78 16 14 12 3 1 0.93
1195 78 16 14 20 4 7 1.13
1196 78 16 14 25 5 11 1.17
1197 78 16 14 28 6 7 1.13
1198 78 16 14 33 7 6 1.15
1199 78 16 14 38 8 6 1.12
1200 78 16 14 44 9 12 1.13
1201 78 16 14 47 10 9 1.16
1202 78 16 14 52 11 9 1.12
1203 78 16 14 60 12 13 1.12
1204 79 16 15 82 17 18 0.91
1205 79 16 15 90 18 23 0.9
1206 79 16 15 96 19 13 0.91
1207 79 16 15 97 20 17 0.9
1208 79 16 15 102 21 22 0.91
1209 79 16 15 110 22 25 1.18
1210 79 16 15 115 23 25 1.18
1211 79 16 15 121 24 19 1.11
1212 79 16 15 5 1 7 0.91
1213 79 16 15 11 2 0 0.93
1214 79 16 15 13 3 2 1.12
1215 79 16 15 21 4 0 1.15
1216 79 16 15 26 5 4 1.12
1217 79 16 15 31 6 2 1.13
1218 79 16 15 34 7 8 1.1
1219 79 16 15 40 8 12 0.92
1220 79 16 15 44 9 12 1.1
1221 79 16 15 48 10 11 1.18
1222 79 16 15 55 11 14 1.18
1223 79 16 15 61 12 6 1.13
1224 82 17 18 106 21 19 1.11
1225 82 17 18 110 22 25 0.91
1226 82 17 18 113 23 22 0.94
1227 82 17 18 121 24 19 1.16
1228 82 17 18 2 1 2 1.14
1229 82 17 18 8 2 3 1.15
1230 82 17 18 15 3 7 1.11
1231 82 17 18 19 4 3 1.16
1232 82 17 18 24 5 8 1.12
1233 82 17 18 31 6 2 0.91
1234 82 17 18 36 7 3 0.91
1235 82 17 18 41 8 4 1.15
1236 82 17 18 44 9 12 1.19
1237 82 17 18 47 10 9 1.16
1238 82 17 18 56 11 6 0.91
1239 82 17 18 61 12 6 1.14
1240 82 17 18 66 13 11 1.13
1241 82 17 18 70 14 17 1.11
1242 82 17 18 72 15 13 1.15
1243 82 17 18 81 16 11 1.18
1244 83 17 19 105 21 25 0.91
1245 83 17 19 111 22 20 1.13
1246 83 17 19 114 23 24 0.9
1247 83 17 19 121 24 19 0.9
1248 83 17 19 4 1 4 0.9
1249 83 17 19 10 2 5 0.93
1250 83 17 19 12 3 1 1.14
1251 83 17 19 19 4 3 1.14
1252 83 17 19 26 5 4 0.93
1253 83 17 19 30 6 10 1.15
1254 83 17 19 36 7 3 0.93
1255 83 17 19 38 8 6 0.94
1256 83 17 19 42 9 10 0.9
1257 83 17 19 48 10 11 1.18
1258 83 17 19 53 11 10 1.18
1259 83 17 19 60 12 13 1.18
1260 83 17 19 62 13 14 1.13
1261 83 17 19 71 14 9 1.19
1262 83 17 19 76 15 9 1.17
1263 83 17 19 80 16 20 1.19
1264 84 17 20 102 21 22 0.91
1265 84 17 20 108 22 23 0.92
1266 84 17 20 113 23 22 0.91
1267 84 17 20 117 24 21 0.94
1268 84 17 20 2 1 2 1.1
1269 84 17 20 7 2 1 0.94
1270 84 17 20 15 3 7 0.9
1271 84 17 20 19 4 3 1.13
1272 84 17 20 23 5 7 0.9
1273 84 17 20 30 6 10 0.9
1274 84 17 20 35 7 10 1.11
1275 84 17 20 38 8 6 0.92
1276 84 17 20 44 9 12 1.16
1277 84 17 20 47 10 9 0.93
1278 84 17 20 52 11 9 1.17
1279 84 17 20 59 12 11 0.92
1280 84 17 20 64 13 16 1.19
1281 84 17 20 69 14 16 1.15
1282 84 17 20 72 15 13 1.17
1283 84 17 20 81 16 11 1.13
1284 87 18 17 105 21 25 0.93
1285 87 18 17 107 22 21 0.93
1286 87 18 17 116 23 20 0.93
1287 87 18 17 121 24 19 0.92
1288 87 18 17 5 1 7 0.92
1289 87 18 17 7 2 1 0.94
1290 87 18 17 12 3 1 1.13
1291 87 18 17 19 4 3 0.93
1292 87 18 17 24 5 8 0.92
1293 87 18 17 28 6 7 0.94
1294 87 18 17 34 7 8 1.16
1295 87 18 17 39 8 7 0.92
1296 87 18 17 45 9 16 1.14
1297 87 18 17 48 10 11 0.92
1298 87 18 17 56 11 6 1.17
1299 87 18 17 60 12 13 1.19
1300 87 18 17 64 13 16 1.12
1301 87 18 17 68 14 15 1.13
1302 87 18 17 74 15 16 1.13
1303 87 18 17 79 16 15 1.11
1304 88 18 19 102 21 22 0.92
1305 88 18 19 107 22 21 0.9
1306 88 18 19 116 23 20 0.92
1307 88 18 19 121 24 19 0.93
1308 88 18 19 4 1 4 0.93
1309 88 18 19 9 2 4 0.93
1310 88 18 19 13 3 2 1.11
1311 88 18 19 20 4 7 0.92
1312 88 18 19 22 5 6 1.11
1313 88 18 19 31 6 2 1.16
1314 88 18 19 35 7 10 1.19
1315 88 18 19 40 8 12 1.17
1316 88 18 19 45 9 16 1.17
1317 88 18 19 49 10 12 0.93
1318 88 18 19 52 11 9 0.94
1319 88 18 19 60 12 13 1.1
1320 88 18 19 66 13 11 1.13
1321 88 18 19 69 14 16 1.17
1322 88 18 19 76 15 9 1.15
1323 88 18 19 78 16 14 1.16
1324 89 18 20 106 21 19 0.94
1325 89 18 20 110 22 25 0.94
1326 89 18 20 112 23 21 0.94
1327 89 18 20 120 24 25 0.94
1328 89 18 20 3 1 3 0.94
1329 89 18 20 8 2 3 0.9
1330 89 18 20 14 3 4 0.9
1331 89 18 20 21 4 0 0.93
1332 89 18 20 22 5 6 0.94
1333 89 18 20 28 6 7 1.18
1334 89 18 20 32 7 5 1.14
1335 89 18 20 38 8 6 0.93
1336 89 18 20 46 9 5 0.91
1337 89 18 20 47 10 9 1.12
1338 89 18 20 54 11 12 1.19
1339 89 18 20 61 12 6 1.14
1340 89 18 20 65 13 17 1.15
1341 89 18 20 71 14 9 1.11
1342 89 18 20 72 15 13 1.16
1343 89 18 20 78 16 14 1.16
1344 92 19 17 104 21 24 1.16
1345 92 19 17 109 22 24 1.1
1346 92 19 17 115 23 25 0.9
1347 92 19 17 119 24 23 0.9
1348 92 19 17 3 1 3 0.92
1349 92 19 17 9 2 4 0.9
1350 92 19 17 12 3 1 1.12
1351 92 19 17 20 4 7 0.91
1352 92 19 17 25 5 11 1.14
1353 92 19 17 31 6 2 1.18
1354 92 19 17 32 7 5 1.19
1355 92 19 17 40 8 12 0.9
1356 92 19 17 46 9 5 1.15
1357 92 19 17 50 10 16 1.15
1358 92 19 17 55 11 14 1.19
1359 92 19 17 61 12 6 1.19
1360 92 19 17 63 13 15 1.13
1361 92 19 17 71 14 9 1.17
1362 92 19 17 75 15 19 1.14
1363 92 19 17 81 16 11 1.15
1364 93 19 18 103 21 23 0.93
1365 93 19 18 107 22 21 1.16
1366 93 19 18 115 23 25 0.92
1367 93 19 18 119 24 23 0.92
1368 93 19 18 6 1 0 1.17
1369 93 19 18 9 2 4 1.12
1370 93 19 18 15 3 7 1.15
1371 93 19 18 20 4 7 0.9
1372 93 19 18 22 5 6 1.15
1373 93 19 18 30 6 10 1.17
1374 93 19 18 34 7 8 0.94
1375 93 19 18 40 8 12 1.13
1376 93 19 18 44 9 12 1.15
1377 93 19 18 47 10 9 1.13
1378 93 19 18 52 11 9 1.11
1379 93 19 18 61 12 6 1.1
1380 93 19 18 62 13 14 1.19
1381 93 19 18 68 14 15 1.11
1382 93 19 18 74 15 16 1.11
1383 93 19 18 80 16 20 1.11
1384 94 19 20 106 21 19 0.93
1385 94 19 20 110 22 25 0.9
1386 94 19 20 114 23 24 0.93
1387 94 19 20 120 24 25 0.93
1388 94 19 20 6 1 0 0.94
1389 94 19 20 9 2 4 0.93
1390 94 19 20 13 3 2 0.92
1391 94 19 20 19 4 3 1.14
1392 94 19 20 22 5 6 1.12
1393 94 19 20 31 6 2 0.92
1394 94 19 20 32 7 5 0.9
1395 94 19 20 40 8 12 1.19
1396 94 19 20 46 9 5 1.1
1397 94 19 20 50 10 16 1.16
1398 94 19 20 54 11 12 1.14
1399 94 19 20 60 12 13 1.17
1400 94 19 20 65 13 17 1.19
1401 94 19 20 68 14 15 1.16
1402 94 19 20 75 15 19 1.16
1403 94 19 20 80 16 20 1.16
1404 97 20 17 106 21 19 0.94
1405 97 20 17 110 22 25 1.18
1406 97 20 17 113 23 22 0.92
1407 97 20 17 119 24 23 1.13
1408 97 20 17 5 1 7 1.1
1409 97 20 17 10 2 5 0.9
1410 97 20 17 15 3 7 1.19
1411 97 20 17 19 4 3 0.94
1412 97 20 17 23 5 7 1.16
1413 97 20 17 29 6 8 1.19
1414 97 20 17 35 7 10 1.12
1415 97 20 17 39 8 7 1.1
1416 97 20 17 46 9 5 1.14
1417 97 20 17 50 10 16 1.12
1418 97 20 17 55 11 14 1.14
1419 97 20 17 58 12 10 1.17
1420 97 20 17 62 13 14 1.14
1421 97 20 17 69 14 16 1.17
1422 97 20 17 75 15 19 1.15
1423 97 20 17 81 16 11 1.12
1424 98 20 18 105 21 25 0.9
1425 98 20 18 109 22 24 0.91
1426 98 20 18 116 23 20 0.93
1427 98 20 18 120 24 25 0.92
1428 98 20 18 2 1 2 0.9
1429 98 20 18 8 2 3 0.91
1430 98 20 18 12 3 1 0.91
1431 98 20 18 18 4 2 1.12
1432 98 20 18 25 5 11 0.9
1433 98 20 18 29 6 8 0.9
1434 98 20 18 36 7 3 1.17
1435 98 20 18 39 8 7 0.92
1436 98 20 18 46 9 5 1.13
1437 98 20 18 51 10 5 1.13
1438 98 20 18 54 11 12 1.19
1439 98 20 18 57 12 9 1.12
1440 98 20 18 65 13 17 1.11
1441 98 20 18 67 14 13 1.15
1442 98 20 18 75 15 19 1.11
1443 98 20 18 81 16 11 1.14
1444 99 20 19 103 21 23 1.16
1445 99 20 19 109 22 24 1.11
1446 99 20 19 115 23 25 0.9
1447 99 20 19 118 24 22 1.16
1448 99 20 19 6 1 0 0.92
1449 99 20 19 7 2 1 1.11
1450 99 20 19 12 3 1 0.92
1451 99 20 19 20 4 7 0.93
1452 99 20 19 23 5 7 0.9
1453 99 20 19 29 6 8 1.17
1454 99 20 19 35 7 10 1.16
1455 99 20 19 41 8 4 1.11
1456 99 20 19 44 9 12 1.14
1457 99 20 19 50 10 16 1.12
1458 99 20 19 54 11 12 0.91
1459 99 20 19 59 12 11 1.16
1460 99 20 19 63 13 15 1.19
1461 99 20 19 70 14 17 1.13
1462 99 20 19 73 15 14 1.16
1463 99 20 19 77 16 13 1.11
1464 102 21 22 3 1 3 0.94
1465 102 21 22 10 2 5 0.94
1466 102 21 22 16 3 0 1.1
1467 102 21 22 17 4 1 1.13
1468 102 21 22 23 5 7 0.92
1469 102 21 22 28 6 7 0.93
1470 102 21 22 32 7 5 0.9
1471 102 21 22 38 8 6 1.13
1472 102 21 22 46 9 5 0.94
1473 102 21 22 48 10 11 1.16
1474 102 21 22 53 11 10 1.18
1475 102 21 22 60 12 13 1.12
1476 102 21 22 63 13 15 0.92
1477 102 21 22 70 14 17 0.93
1478 102 21 22 76 15 9 1.16
1479 102 21 22 79 16 15 0.93
1480 102 21 22 84 17 20 1.13
1481 102 21 22 88 18 19 1.1
1482 102 21 22 94 19 20 1.12
1483 102 21 22 97 20 17 1.11
1484 103 21 23 2 1 2 0.92
1485 103 21 23 10 2 5 0.9
1486 103 21 23 14 3 4 0.91
1487 103 21 23 21 4 0 0.9
1488 103 21 23 24 5 8 0.92
1489 103 21 23 30 6 10 0.93
1490 103 21 23 32 7 5 1.1
1491 103 21 23 41 8 4 0.93
1492 103 21 23 46 9 5 1.12
1493 103 21 23 51 10 5 0.93
1494 103 21 23 53 11 10 0.92
1495 103 21 23 58 12 10 0.91
1496 103 21 23 65 13 17 1.13
1497 103 21 23 67 14 13 1.17
1498 103 21 23 74 15 16 1.19
1499 103 21 23 81 16 11 0.94
1500 103 21 23 84 17 20 1.17
1501 103 21 23 91 18 14 1.13
1502 103 21 23 96 19 13 1.13
1503 103 21 23 99 20 19 1.16
1504 104 21 24 2 1 2 1.19
1505 104 21 24 9 2 4 0.93
1506 104 21 24 16 3 0 0.94
1507 104 21 24 18 4 2 1.18
1508 104 21 24 23 5 7 0.9
1509 104 21 24 28 6 7 1.14
1510 104 21 24 35 7 10 1.1
1511 104 21 24 41 8 4 1.18
1512 104 21 24 44 9 12 1.1
1513 104 21 24 51 10 5 1.15
1514 104 21 24 52 11 9 0.92
1515 104 21 24 61 12 6 1.14
1516 104 21 24 66 13 11 1.16
1517 104 21 24 70 14 17 1.15
1518 104 21 24 75 15 19 1.15
1519 104 21 24 79 16 15 1.14
1520 104 21 24 84 17 20 1.1
1521 104 21 24 90 18 23 1.13
1522 104 21 24 92 19 17 1.19
1523 104 21 24 99 20 19 1.12
1524 107 22 21 5 1 7 0.92
1525 107 22 21 8 2 3 0.91
1526 107 22 21 12 3 1 0.94
1527 107 22 21 21 4 0 0.93
1528 107 22 21 23 5 7 1.1
1529 107 22 21 27 6 5 1.19
1530 107 22 21 36 7 3 0.91
1531 107 22 21 39 8 7 0.93
1532 107 22 21 44 9 12 1.19
1533 107 22 21 48 10 11 1.17
1534 107 22 21 54 11 12 1.13
1535 107 22 21 57 12 9 1.13
1536 107 22 21 64 13 16 1.14
1537 107 22 21 68 14 15 0.91
1538 107 22 21 75 15 19 1.18
1539 107 22 21 79 16 15 1.17
1540 107 22 21 85 17 21 1.12
1541 107 22 21 88 18 19 1.15
1542 107 22 21 96 19 13 1.16
1543 107 22 21 99 20 19 1.17
1544 108 22 23 3 1 3 0.92
1545 108 22 23 10 2 5 0.94
1546 108 22 23 16 3 0 0.91
1547 108 22 23 21 4 0 0.93
1548 108 22 23 25 5 11 0.93
1549 108 22 23 28 6 7 1.11
1550 108 22 23 36 7 3 1.17
1551 108 22 23 37 8 5 1.18
1552 108 22 23 42 9 10 1.12
1553 108 22 23 49 10 12 1.19
1554 108 22 23 56 11 6 0.93
1555 108 22 23 58 12 10 1.19
1556 108 22 23 66 13 11 1.1
1557 108 22 23 69 14 16 1.16
1558 108 22 23 73 15 14 1.15
1559 108 22 23 80 16 20 1.13
1560 108 22 23 82 17 18 1.16
1561 108 22 23 88 18 19 1.14
1562 108 22 23 95 19 22 1.12
1563 108 22 23 101 20 16 1.1
1564 109 22 24 4 1 4 0.92
1565 109 22 24 11 2 0 0.93
1566 109 22 24 13 3 2 0.91
1567 109 22 24 17 4 1 0.91
1568 109 22 24 25 5 11 0.93
1569 109 22 24 30 6 10 0.93
1570 109 22 24 33 7 6 0.9
1571 109 22 24 37 8 5 0.91
1572 109 22 24 46 9 5 0.92
1573 109 22 24 51 10 5 1.18
1574 109 22 24 54 11 12 1.1
1575 109 22 24 57 12 9 0.94
1576 109 22 24 66 13 11 1.12
1577 109 22 24 69 14 16 1.13
1578 109 22 24 76 15 9 1.18
1579 109 22 24 77 16 13 1.19
1580 109 22 24 86 17 14 1.11
1581 109 22 24 91 18 14 1.17
1582 109 22 24 96 19 13 1.1
1583 109 22 24 100 20 24 1.19
1584 112 23 21 3 1 3 0.93
1585 112 23 21 11 2 0 1.13
1586 112 23 21 12 3 1 1.15
1587 112 23 21 21 4 0 0.91
1588 112 23 21 22 5 6 0.92
1589 112 23 21 31 6 2 0.93
1590 112 23 21 33 7 6 0.9
1591 112 23 21 39 8 7 1.13
1592 112 23 21 43 9 11 1.18
1593 112 23 21 48 10 11 1.15
1594 112 23 21 52 11 9 0.9
1595 112 23 21 61 12 6 0.93
1596 112 23 21 64 13 16 1.13
1597 112 23 21 71 14 9 1.12
1598 112 23 21 74 15 16 0.94
1599 112 23 21 78 16 14 1.14
1600 112 23 21 83 17 19 1.18
1601 112 23 21 88 18 19 1.19
1602 112 23 21 95 19 22 1.16
1603 112 23 21 97 20 17 1.13
1604 113 23 22 2 1 2 0.93
1605 113 23 22 7 2 1 1.19
1606 113 23 22 14 3 4 1.17
1607 113 23 22 18 4 2 1.13
1608 113 23 22 23 5 7 1.15
1609 113 23 22 27 6 5 0.92
1610 113 23 22 35 7 10 0.9
1611 113 23 22 37 8 5 0.93
1612 113 23 22 46 9 5 0.93
1613 113 23 22 47 10 9 1.12
1614 113 23 22 55 11 14 1.13
1615 113 23 22 58 12 10 0.93
1616 113 23 22 63 13 15 1.11
1617 113 23 22 71 14 9 1.17
1618 113 23 22 72 15 13 0.92
1619 113 23 22 79 16 15 0.91
1620 113 23 22 85 17 21 1.19
1621 113 23 22 87 18 17 1.1
1622 113 23 22 93 19 18 1.12
1623 113 23 22 99 20 19 1.19
1624 114 23 24 6 1 0 0.93
1625 114 23 24 10 2 5 0.92
1626 114 23 24 16 3 0 0.92
1627 114 23 24 18 4 2 0.94
1628 114 23 24 22 5 6 1.17
1629 114 23 24 27 6 5 0.91
1630 114 23 24 34 7 8 1.1
1631 114 23 24 37 8 5 0.91
1632 114 23 24 44 9 12 0.94
1633 114 23 24 49 10 12 0.9
1634 114 23 24 56 11 6 1.17
1635 114 23 24 57 12 9 0.9
1636 114 23 24 63 13 15 1.17
1637 114 23 24 67 14 13 0.9
1638 114 23 24 72 15 13 1.15
1639 114 23 24 81 16 11 1.18
1640 114 23 24 86 17 14 1.16
1641 114 23 24 89 18 20 1.14
1642 114 23 24 92 19 17 1.18
1643 114 23 24 98 20 18 1.12
1644 117 24 21 3 1 3 0.94
1645 117 24 21 8 2 3 0.9
1646 117 24 21 13 3 2 0.94
1647 117 24 21 21 4 0 0.9
1648 117 24 21 26 5 4 0.94
1649 117 24 21 30 6 10 1.14
1650 117 24 21 33 7 6 1.15
1651 117 24 21 40 8 12 0.91
1652 117 24 21 43 9 11 1.14
1653 117 24 21 48 10 11 0.91
1654 117 24 21 52 11 9 1.14
1655 117 24 21 58 12 10 1.15
1656 117 24 21 65 13 17 1.18
1657 117 24 21 68 14 15 1.13
1658 117 24 21 73 15 14 0.9
1659 117 24 21 77 16 13 1.1
1660 117 24 21 86 17 14 1.1
1661 117 24 21 90 18 23 1.1
1662 117 24 21 92 19 17 1.12
1663 117 24 21 97 20 17 1.18
1664 118 24 22 5 1 7 1.14
1665 118 24 22 7 2 1 0.91
1666 118 24 22 16 3 0 0.92
1667 118 24 22 17 4 1 0.9
1668 118 24 22 24 5 8 1.13
1669 118 24 22 29 6 8 0.92
1670 118 24 22 36 7 3 0.91
1671 118 24 22 37 8 5 0.91
1672 118 24 22 44 9 12 1.13
1673 118 24 22 51 10 5 1.14
1674 118 24 22 53 11 10 0.92
1675 118 24 22 57 12 9 1.15
1676 118 24 22 66 13 11 1.12
1677 118 24 22 69 14 16 1.1
1678 118 24 22 73 15 14 1.17
1679 118 24 22 77 16 13 1.11
1680 118 24 22 83 17 19 1.11
1681 118 24 22 88 18 19 1.15
1682 118 24 22 96 19 13 1.17
1683 118 24 22 98 20 18 1.18
1684 119 24 23 4 1 4 0.94
1685 119 24 23 9 2 4 1.15
1686 119 24 23 16 3 0 0.9
1687 119 24 23 19 4 3 1.19
1688 119 24 23 22 5 6 1.14
1689 119 24 23 27 6 5 1.15
1690 119 24 23 35 7 10 0.94
1691 119 24 23 39 8 7 0.9
1692 119 24 23 46 9 5 0.94
1693 119 24 23 48 10 11 0.94
1694 119 24 23 55 11 14 1.11
1695 119 24 23 61 12 6 0.93
1696 119 24 23 63 13 15 0.93
1697 119 24 23 71 14 9 1.14
1698 119 24 23 74 15 16 1.1
1699 119 24 23 78 16 14 1.16
1700 119 24 23 85 17 21 1.19
1701 119 24 23 91 18 14 1.12
1702 119 24 23 94 19 20 1.15
1703 119 24 23 97 20 17 1.13
1704 6 1 0 26 5 4 0.92
1705 6 1 0 31 6 2 1.14
1706 6 1 0 33 7 6 0.93
1707 6 1 0 37 8 5 0.94
1708 6 1 0 45 9 16 1.14
1709 6 1 0 48 10 11 0.91
1710 6 1 0 55 11 14 1.11
1711 6 1 0 59 12 11 0.93
1712 6 1 0 66 13 11 0.94
1713 6 1 0 67 14 13 1.16
1714 6 1 0 74 15 16 1.1
1715 6 1 0 78 16 14 1.14
1716 6 1 0 86 17 14 1.15
1717 6 1 0 89 18 20 1.18
1718 6 1 0 96 19 13 1.13
1719 6 1 0 100 20 24 1.1
1720 6 1 0 103 21 23 1.15
1721 6 1 0 109 22 24 1.1
1722 6 1 0 113 23 22 1.17
1723 6 1 0 117 24 21 1.14
1724 5 1 7 26 5 4 1.19
1725 5 1 7 31 6 2 0.93
1726 5 1 7 36 7 3 0.94
1727 5 1 7 38 8 6 0.93
1728 5 1 7 46 9 5 0.91
1729 5 1 7 48 10 11 1.16
1730 5 1 7 55 11 14 1.15
1731 5 1 7 60 12 13 0.94
1732 5 1 7 65 13 17 0.92
1733 5 1 7 68 14 15 0.9
1734 5 1 7 72 15 13 1.17
1735 5 1 7 79 16 15 1.12
1736 5 1 7 85 17 21 0.92
1737 5 1 7 87 18 17 1.19
1738 5 1 7 92 19 17 1.18
1739 5 1 7 100 20 24 1.13
1740 5 1 7 104 21 24 1.12
1741 5 1 7 109 22 24 1.16
1742 5 1 7 112 23 21 1.12
1743 5 1 7 120 24 25 1.16
1744 11 2 0 25 5 11 0.92
1745 11 2 0 29 6 8 0.92
1746 11 2 0 36 7 3 0.93
1747 11 2 0 40 8 12 1.13
1748 11 2 0 46 9 5 1.16
1749 11 2 0 50 10 16 1.13
1750 11 2 0 56 11 6 1.18
1751 11 2 0 58 12 10 0.9
1752 11 2 0 64 13 16 1.11
1753 11 2 0 70 14 17 1.14
1754 11 2 0 73 15 14 0.9
1755 11 2 0 78 16 14 1.12
1756 11 2 0 84 17 20 0.92
1757 11 2 0 89 18 20 1.16
1758 11 2 0 95 19 22 1.13
1759 11 2 0 101 20 16 1.14
1760 11 2 0 103 21 23 1.12
1761 11 2 0 107 22 21 1.18
1762 11 2 0 113 23 22 1.13
1763 11 2 0 120 24 25 1.11
1764 10 2 5 23 5 7 0.9
1765 10 2 5 29 6 8 0.92
1766 10 2 5 36 7 3 0.93
1767 10 2 5 37 8 5 0.92
1768 10 2 5 42 9 10 0.91
1769 10 2 5 49 10 12 0.94
1770 10 2 5 52 11 9 0.9
1771 10 2 5 61 12 6 0.93
1772 10 2 5 62 13 14 1.18
1773 10 2 5 67 14 13 1.13
1774 10 2 5 74 15 16 1.17
1775 10 2 5 78 16 14 1.1
1776 10 2 5 85 17 21 1.17
1777 10 2 5 89 18 20 1.16
1778 10 2 5 92 19 17 1.1
1779 10 2 5 100 20 24 0.91
1780 10 2 5 103 21 23 1.13
1781 10 2 5 109 22 24 1.18
1782 10 2 5 115 23 25 1.19
1783 10 2 5 117 24 21 1.15
1784 16 3 0 22 5 6 0.9
1785 16 3 0 29 6 8 0.91
1786 16 3 0 34 7 8 1.16
1787 16 3 0 39 8 7 0.9
1788 16 3 0 42 9 10 1.1
1789 16 3 0 47 10 9 1.16
1790 16 3 0 56 11 6 0.94
1791 16 3 0 60 12 13 0.93
1792 16 3 0 62 13 14 1.15
1793 16 3 0 69 14 16 0.92
1794 16 3 0 75 15 19 0.91
1795 16 3 0 81 16 11 1.12
1796 16 3 0 85 17 21 1.19
1797 16 3 0 90 18 23 0.91
1798 16 3 0 93 19 18 1.19
1799 16 3 0 98 20 18 0.91
1800 16 3 0 105 21 25 1.17
1801 16 3 0 109 22 24 1.19
1802 16 3 0 113 23 22 1.17
1803 16 3 0 118 24 22 1.18
1804 15 3 7 25 5 11 1.19
1805 15 3 7 29 6 8 1.17
1806 15 3 7 34 7 8 1.19
1807 15 3 7 41 8 4 0.9
1808 15 3 7 43 9 11 1.17
1809 15 3 7 49 10 12 0.93
1810 15 3 7 52 11 9 1.13
1811 15 3 7 60 12 13 1.14
1812 15 3 7 64 13 16 1.14
1813 15 3 7 68 14 15 1.16
1814 15 3 7 72 15 13 0.91
1815 15 3 7 79 16 15 0.92
1816 15 3 7 82 17 18 1.19
1817 15 3 7 91 18 14 1.13
1818 15 3 7 96 19 13 1.1
1819 15 3 7 100 20 24 0.94
1820 15 3 7 102 21 22 1.11
1821 15 3 7 111 22 20 1.18
1822 15 3 7 112 23 21 1.1
1823 15 3 7 120 24 25 1.16
1824 21 4 0 23 5 7 0.92
1825 21 4 0 27 6 5 0.92
1826 21 4 0 36 7 3 1.16
1827 21 4 0 41 8 4 1.16
1828 21 4 0 44 9 12 0.92
1829 21 4 0 51 10 5 1.19
1830 21 4 0 54 11 12 1.1
1831 21 4 0 57 12 9 0.94
1832 21 4 0 64 13 16 1.15
1833 21 4 0 69 14 16 1.18
1834 21 4 0 75 15 19 0.91
1835 21 4 0 77 16 13 1.16
1836 21 4 0 83 17 19 1.19
1837 21 4 0 89 18 20 1.19
1838 21 4 0 92 19 17 1.13
1839 21 4 0 97 20 17 1.11
1840 21 4 0 103 21 23 1.16
1841 21 4 0 111 22 20 1.18
1842 21 4 0 112 23 21 1.15
1843 21 4 0 119 24 23 1.11
1844 20 4 7 22 5 6 0.91
1845 20 4 7 28 6 7 0.9
1846 20 4 7 35 7 10 0.92
1847 20 4 7 40 8 12 0.93
1848 20 4 7 46 9 5 1.13
1849 20 4 7 48 10 11 0.9
1850 20 4 7 55 11 14 0.9
1851 20 4 7 58 12 10 0.92
1852 20 4 7 64 13 16 1.17
1853 20 4 7 71 14 9 0.9
1854 20 4 7 72 15 13 0.91
1855 20 4 7 80 16 20 0.92
1856 20 4 7 82 17 18 1.15
1857 20 4 7 90 18 23 1.17
1858 20 4 7 94 19 20 1.13
1859 20 4 7 100 20 24 1.17
1860 20 4 7 102 21 22 1.12
1861 20 4 7 108 22 23 1.13
1862 20 4 7 114 23 24 1.16
1863 20 4 7 119 24 23 1.12
1864 26 5 4 46 9 5 0.9
1865 26 5 4 47 10 9 0.92
1866 26 5 4 55 11 14 0.9
1867 26 5 4 58 12 10 0.91
1868 26 5 4 65 13 17 0.93
1869 26 5 4 69 14 16 0.94
1870 26 5 4 72 15 13 0.9
1871 26 5 4 81 16 11 0.91
1872 26 5 4 82 17 18 0.9
1873 26 5 4 88 18 19 1.13
1874 26 5 4 94 19 20 1.17
1875 26 5 4 101 20 16 0.93
1876 26 5 4 105 21 25 1.11
1877 26 5 4 109 22 24 1.13
1878 26 5 4 112 23 21 1.1
1879 26 5 4 119 24 23 1.17
1880 26 5 4 4 1 4 1.12
1881 26 5 4 8 2 3 1.11
1882 26 5 4 15 3 7 1.14
1883 26 5 4 19 4 3 1.11
1884 25 5 11 46 9 5 0.9
1885 25 5 11 51 10 5 0.9
1886 25 5 11 54 11 12 1.18
1887 25 5 11 61 12 6 0.9
1888 25 5 11 63 13 15 1.17
1889 25 5 11 67 14 13 1.14
1890 25 5 11 74 15 16 0.9
1891 25 5 11 77 16 13 1.13
1892 25 5 11 84 17 20 1.18
1893 25 5 11 87 18 17 1.13
1894 25 5 11 93 19 18 1.19
1895 25 5 11 99 20 19 1.13
1896 25 5 11 103 21 23 1.14
1897 25 5 11 107 22 21 1.1
1898 25 5 11 116 23 20 1.18
1899 25 5 11 120 24 25 1.12
1900 25 5 11 3 1 3 1.17
1901 25 5 11 7 2 1 1.18
1902 25 5 11 14 3 4 1.14
1903 25 5 11 17 4 1 1.12
1904 31 6 2 46 9 5 0.9
1905 31 6 2 49 10 12 0.91
1906 31 6 2 55 11 14 0.94
1907 31 6 2 57 12 9 0.92
1908 31 6 2 64 13 16 0.94
1909 31 6 2 71 14 9 1.15
1910 31 6 2 73 15 14 0.92
1911 31 6 2 78 16 14 0.94
1912 31 6 2 83 17 19 0.9
1913 31 6 2 90 18 23 1.19
1914 31 6 2 93 19 18 0.94
1915 31 6 2 97 20 17 1.1
1916 31 6 2 103 21 23 1.1
1917 31 6 2 109 22 24 1.17
1918 31 6 2 115 23 25 1.11
1919 31 6 2 118 24 22 1.16
1920 31 6 2 5 1 7 1.13
1921 31 6 2 11 2 0 1.16
1922 31 6 2 12 3 1 1.11
1923 31 6 2 20 4 7 1.19
1924 30 6 10 43 9 11 1.13
1925 30 6 10 47 10 9 0.91
1926 30 6 10 55 11 14 1.17
1927 30 6 10 57 12 9 0.92
1928 30 6 10 65 13 17 1.12
1929 30 6 10 71 14 9 0.91
1930 30 6 10 73 15 14 1.14
1931 30 6 10 79 16 15 1.11
1932 30 6 10 84 17 20 1.1
1933 30 6 10 90 18 23 1.16
1934 30 6 10 95 19 22 1.16
1935 30 6 10 98 20 18 1.12
1936 30 6 10 103 21 23 1.19
1937 30 6 10 111 22 20 1.13
1938 30 6 10 116 23 20 1.19
1939 30 6 10 119 24 23 1.19
1940 30 6 10 2 1 2 1.14
1941 30 6 10 9 2 4 1.18
1942 30 6 10 15 3 7 1.14
1943 30 6 10 17 4 1 1.14
1944 36 7 3 45 9 16 0.93
1945 36 7 3 48 10 11 1.16
1946 36 7 3 56 11 6 0.93
1947 36 7 3 57 12 9 0.93
1948 36 7 3 63 13 15 1.12
1949 36 7 3 68 14 15 0.91
1950 36 7 3 73 15 14 1.13
1951 36 7 3 80 16 20 0.93
1952 36 7 3 83 17 19 1.17
1953 36 7 3 89 18 20 1.1
1954 36 7 3 94 19 20 0.9
1955 36 7 3 101 20 16 0.92
1956 36 7 3 106 21 19 0.94
1957 36 7 3 109 22 24 1.1
1958 36 7 3 116 23 20 1.18
1959 36 7 3 120 24 25 1.19
1960 36 7 3 3 1 3 1.1
1961 36 7 3 11 2 0 1.1
1962 36 7 3 15 3 7 1.12
1963 36 7 3 18 4 2 1.17
1964 35 7 10 45 9 16 0.91
1965 35 7 10 50 10 16 0.91
1966 35 7 10 56 11 6 0.91
1967 35 7 10 59 12 11 0.9
1968 35 7 10 62 13 14 0.91
1969 35 7 10 71 14 9 1.13
1970 35 7 10 74 15 16 1.1
1971 35 7 10 77 16 13 0.93
1972 35 7 10 83 17 19 1.1
1973 35 7 10 91 18 14 0.93
1974 35 7 10 92 19 17 1.11
1975 35 7 10 100 20 24 1.13
1976 35 7 10 105 21 25 1.1
1977 35 7 10 111 22 20 1.13
1978 35 7 10 115 23 25 1.13
1979 35 7 10 119 24 23 1.16
1980 35 7 10 4 1 4 1.12
1981 35 7 10 11 2 0 1.19
1982 35 7 10 15 3 7 1.11
1983 35 7 10 17 4 1 1.16
1984 41 8 4 44 9 12 0.93
1985 41 8 4 47 10 9 0.92
1986 41 8 4 56 11 6 0.91
1987 41 8 4 60 12 13 0.94
1988 41 8 4 64 13 16 0.92
1989 41 8 4 70 14 17 0.92
1990 41 8 4 72 15 13 0.93
1991 41 8 4 77 16 13 0.92
1992 41 8 4 86 17 14 1.15
1993 41 8 4 88 18 19 0.92
1994 41 8 4 94 19 20 1.15
1995 41 8 4 100 20 24 0.94
1996 41 8 4 102 21 22 0.93
1997 41 8 4 108 22 23 1.13
1998 41 8 4 112 23 21 1.15
1999 41 8 4 121 24 19 1.14
2000 41 8 4 3 1 3 1.13
2001 41 8 4 10 2 5 1.15
2002 41 8 4 12 3 1 1.18
2003 41 8 4 17 4 1 1.1
2004 40 8 12 46 9 5 0.92
2005 40 8 12 49 10 12 1.18
2006 40 8 12 53 11 10 0.94
2007 40 8 12 59 12 11 0.93
2008 40 8 12 65 13 17 0.9
2009 40 8 12 67 14 13 0.9
2010 40 8 12 72 15 13 1.12
2011 40 8 12 81 16 11 0.94
2012 40 8 12 86 17 14 0.92
2013 40 8 12 89 18 20 0.94
2014 40 8 12 95 19 22 1.13
2015 40 8 12 99 20 19 1.1
2016 40 8 12 106 21 19 0.92
2017 40 8 12 107 22 21 1.15
2018 40 8 12 114 23 24 1.16
2019 40 8 12 121 24 19 0.93
2020 40 8 12 6 1 0 1.13
2021 40 8 12 8 2 3 1.12
2022 40 8 12 16 3 0 1.12
2023 40 8 12 20 4 7 1.12
2024 46 9 5 62 13 14 1.18
2025 46 9 5 67 14 13 0.93
2026 46 9 5 73 15 14 0.9
2027 46 9 5 80 16 20 0.93
2028 46 9 5 83 17 19 0.91
2029 46 9 5 89 18 20 1.17
2030 46 9 5 93 19 18 0.94
2031 46 9 5 97 20 17 0.93
2032 46 9 5 105 21 25 0.9
2033 46 9 5 107 22 21 1.13
2034 46 9 5 112 23 21 1.16
2035 46 9 5 117 24 21 0.9
2036 46 9 5 3 1 3 1.12
2037 46 9 5 7 2 1 1.16
2038 46 9 5 16 3 0 0.9
2039 46 9 5 20 4 7 1.11
2040 46 9 5 22 5 6 1.17
2041 46 9 5 29 6 8 1.11
2042 46 9 5 35 7 10 1.19
2043 46 9 5 37 8 5 1.17
2044 45 9 16 63 13 15 0.93
2045 45 9 16 70 14 17 0.91
2046 45 9 16 74 15 16 0.91
2047 45 9 16 80 16 20 0.94
2048 45 9 16 85 17 21 1.16
2049 45 9 16 91 18 14 1.16
2050 45 9 16 92 19 17 0.92
2051 45 9 16 97 20 17 0.9
2052 45 9 16 103 21 23 0.92
2053 45 9 16 108 22 23 1.19
2054 45 9 16 115 23 25 0.91
2055 45 9 16 119 24 23 0.91
2056 45 9 16 3 1 3 0.9
2057 45 9 16 11 2 0 1.16
2058 45 9 16 16 3 0 1.1
2059 45 9 16 19 4 3 1.13
2060 45 9 16 26 5 4 1.16
2061 45 9 16 30 6 10 1.14
2062 45 9 16 35 7 10 1.16
2063 45 9 16 40 8 12 1.14
2064 51 10 5 65 13 17 0.93
2065 51 10 5 67 14 13 0.92
2066 51 10 5 73 15 14 0.92
2067 51 10 5 79 16 15 0.93
2068 51 10 5 82 17 18 0.92
2069 51 10 5 87 18 17 0.91
2070 51 10 5 95 19 22 0.9
2071 51 10 5 100 20 24 0.91
2072 51 10 5 105 21 25 1.11
2073 51 10 5 108 22 23 1.13
2074 51 10 5 114 23 24 1.1
2075 51 10 5 121 24 19 1.12
2076 51 10 5 5 1 7 1.13
2077 51 10 5 8 2 3 1.15
2078 51 10 5 13 3 2 1.18
2079 51 10 5 17 4 1 1.18
2080 51 10 5 24 5 8 1.16
2081 51 10 5 27 6 5 1.1
2082 51 10 5 35 7 10 1.1
2083 51 10 5 41 8 4 1.17
2084 50 10 16 63 13 15 0.9
2085 50 10 16 70 14 17 0.93
2086 50 10 16 74 15 16 0.93
2087 50 10 16 77 16 13 0.92
2088 50 10 16 82 17 18 0.91
2089 50 10 16 89 18 20 0.91
2090 50 10 16 96 19 13 0.91
2091 50 10 16 101 20 16 1.1
2092 50 10 16 103 21 23 1.11
2093 50 10 16 107 22 21 0.91
2094 50 10 16 116 23 20 1.17
2095 50 10 16 120 24 25 1.18
2096 50 10 16 6 1 0 1.15
2097 50 10 16 8 2 3 1.13
2098 50 10 16 13 3 2 1.17
2099 50 10 16 20 4 7 0.9
2100 50 10 16 26 5 4 1.19
2101 50 10 16 31 6 2 1.15
2102 50 10 16 32 7 5 1.12
2103 50 10 16 40 8 12 1.12
2104 56 11 6 63 13 15 0.93
2105 56 11 6 71 14 9 0.94
2106 56 11 6 74 15 16 0.9
2107 56 11 6 78 16 14 0.94
2108 56 11 6 82 17 18 0.93
2109 56 11 6 91 18 14 0.9
2110 56 11 6 96 19 13 0.92
2111 56 11 6 98 20 18 1.13
2112 56 11 6 103 21 23 0.9
2113 56 11 6 110 22 25 1.14
2114 56 11 6 114 23 24 1.19
2115 56 11 6 121 24 19 0.94
2116 56 11 6 6 1 0 1.15
2117 56 11 6 10 2 5 1.12
2118 56 11 6 14 3 4 1.13
2119 56 11 6 20 4 7 0.92
2120 56 11 6 26 5 4 1.17
2121 56 11 6 27 6 5 1.17
2122 56 11 6 35 7 10 1.15
2123 56 11 6 37 8 5 1.18
2124 55 11 14 66 13 11 0.93
2125 55 11 14 71 14 9 0.91
2126 55 11 14 75 15 19 0.9
2127 55 11 14 81 16 11 0.91
2128 55 11 14 83 17 19 0.91
2129 55 11 14 87 18 17 0.94
2130 55 11 14 92 19 17 1.11
2131 55 11 14 99 20 19 0.92
2132 55 11 14 105 21 25 0.91
2133 55 11 14 108 22 23 0.9
2134 55 11 14 114 23 24 1.17
2135 55 11 14 118 24 22 0.93
2136 55 11 14 2 1 2 1.11
2137 55 11 14 7 2 1 1.16
2138 55 11 14 12 3 1 1.18
2139 55 11 14 18 4 2 1.15
2140 55 11 14 26 5 4 1.14
2141 55 11 14 31 6 2 1.17
2142 55 11 14 33 7 6 1.19
2143 55 11 14 39 8 7 1.15
2144 61 12 6 65 13 17 0.9
2145 61 12 6 70 14 17 0.93
2146 61 12 6 74 15 16 1.1
2147 61 12 6 79 16 15 0.92
2148 61 12 6 86 17 14 0.91
2149 61 12 6 87 18 17 0.92
2150 61 12 6 96 19 13 1.14
2151 61 12 6 97 20 17 0.91
2152 61 12 6 105 21 25 1.17
2153 61 12 6 110 22 25 1.13
2154 61 12 6 116 23 20 1.12
2155 61 12 6 121 24 19 0.94
2156 61 12 6 6 1 0 0.9
2157 61 12 6 10 2 5 1.12
2158 61 12 6 14 3 4 1.15
2159 61 12 6 18 4 2 1.1
2160 61 12 6 25 5 11 1.18
2161 61 12 6 29 6 8 1.1
2162 61 12 6 35 7 10 1.14
2163 61 12 6 41 8 4 1.11
2164 60 12 13 62 13 14 0.94
2165 60 12 13 70 14 17 0.92
2166 60 12 13 76 15 9 0.94
2167 60 12 13 78 16 14 0.9
2168 60 12 13 84 17 20 0.94
2169 60 12 13 88 18 19 0.9
2170 60 12 13 92 19 17 0.91
2171 60 12 13 99 20 19 0.93
2172 60 12 13 106 21 19 1.16
2173 60 12 13 107 22 21 0.92
2174 60 12 13 115 23 25 1.16
2175 60 12 13 117 24 21 1.1
2176 60 12 13 3 1 3 1.18
2177 60 12 13 11 2 0 1.16
2178 60 12 13 16 3 0 1.12
2179 60 12 13 17 4 1 1.1
2180 60 12 13 24 5 8 1.11
2181 60 12 13 30 6 10 1.11
2182 60 12 13 32 7 5 1.12
2183 60 12 13 40 8 12 1.19
2184 66 13 11 84 17 20 1.13
2185 66 13 11 89 18 20 0.92
2186 66 13 11 93 19 18 0.92
2187 66 13 11 101 20 16 0.92
2188 66 13 11 104 21 24 0.93
2189 66 13 11 110 22 25 1.15
2190 66 13 11 112 23 21 1.16
2191 66 13 11 117 24 21 0.9
2192 66 13 11 3 1 3 1.1
2193 66 13 11 9 2 4 1.19
2194 66 13 11 15 3 7 0.93
2195 66 13 11 21 4 0 0.92
2196 66 13 11 23 5 7 1.12
2197 66 13 11 30 6 10 1.18
2198 66 13 11 33 7 6 1.15
2199 66 13 11 38 8 6 1.17
2200 66 13 11 43 9 11 1.1
2201 66 13 11 48 10 11 1.12
2202 66 13 11 54 11 12 1.1
2203 66 13 11 59 12 11 1.17
2204 65 13 17 86 17 14 0.92
2205 65 13 17 87 18 17 1.19
2206 65 13 17 95 19 22 0.92
2207 65 13 17 98 20 18 0.94
2208 65 13 17 103 21 23 1.19
2209 65 13 17 108 22 23 1.16
2210 65 13 17 115 23 25 0.94
2211 65 13 17 119 24 23 1.15
2212 65 13 17 5 1 7 1.16
2213 65 13 17 9 2 4 1.19
2214 65 13 17 13 3 2 0.92
2215 65 13 17 18 4 2 0.94
2216 65 13 17 26 5 4 1.13
2217 65 13 17 28 6 7 1.19
2218 65 13 17 33 7 6 1.13
2219 65 13 17 39 8 7 1.19
2220 65 13 17 43 9 11 1.13
2221 65 13 17 50 10 16 1.16
2222 65 13 17 56 11 6 1.1
2223 65 13 17 57 12 9 1.18
2224 71 14 9 85 17 21 0.94
2225 71 14 9 90 18 23 0.9
2226 71 14 9 96 19 13 0.93
2227 71 14 9 100 20 24 0.9
2228 71 14 9 104 21 24 1.14
2229 71 14 9 107 22 21 0.92
2230 71 14 9 116 23 20 1.15
2231 71 14 9 120 24 25 0.91
2232 71 14 9 4 1 4 1.12
2233 71 14 9 7 2 1 1.12
2234 71 14 9 16 3 0 0.93
2235 71 14 9 21 4 0 1.13
2236 71 14 9 26 5 4 1.13
2237 71 14 9 27 6 5 0.9
2238 71 14 9 34 7 8 1.14
2239 71 14 9 40 8 12 0.93
2240 71 14 9 42 9 10 1.17
2241 71 14 9 50 10 16 1.11
2242 71 14 9 55 11 14 1.13
2243 71 14 9 61 12 6 1.11
2244 70 14 17 83 17 19 0.91
2245 70 14 17 90 18 23 0.91
2246 70 14 17 96 19 13 0.91
2247 70 14 17 100 20 24 0.93
2248 70 14 17 104 21 24 0.94
2249 70 14 17 107 22 21 0.91
2250 70 14 17 112 23 21 0.93
2251 70 14 17 119 24 23 1.15
2252 70 14 17 4 1 4 0.93
2253 70 14 17 8 2 3 1.11
2254 70 14 17 12 3 1 1.11
2255 70 14 17 17 4 1 1.18
2256 70 14 17 24 5 8 1.16
2257 70 14 17 29 6 8 1.13
2258 70 14 17 34 7 8 1.11
2259 70 14 17 40 8 12 1.18
2260 70 14 17 42 9 10 1.12
2261 70 14 17 51 10 5 1.13
2262 70 14 17 52 11 9 1.19
2263 70 14 17 58 12 10 1.18
2264 76 15 9 83 17 19 1.16
2265 76 15 9 91 18 14 0.9
2266 76 15 9 95 19 22 0.91
2267 76 15 9 97 20 17 0.93
2268 76 15 9 106 21 19 0.92
2269 76 15 9 110 22 25 0.92
2270 76 15 9 114 23 24 0.94
2271 76 15 9 118 24 22 0.91
2272 76 15 9 3 1 3 1.12
2273 76 15 9 10 2 5 1.15
2274 76 15 9 14 3 4 1.1
2275 76 15 9 20 4 7 0.92
2276 76 15 9 22 5 6 1.12
2277 76 15 9 27 6 5 1.17
2278 76 15 9 34 7 8 1.12
2279 76 15 9 39 8 7 1.15
2280 76 15 9 44 9 12 1.18
2281 76 15 9 48 10 11 1.13
2282 76 15 9 56 11 6 1.16
2283 76 15 9 61 12 6 1.16
2284 75 15 19 83 17 19 0.9
2285 75 15 19 87 18 17 1.17
2286 75 15 19 92 19 17 1.14
2287 75 15 19 99 20 19 0.93
2288 75 15 19 102 21 22 0.93
2289 75 15 19 107 22 21 0.9
2290 75 15 19 112 23 21 0.93
2291 75 15 19 118 24 22 1.19
2292 75 15 19 5 1 7 1.18
2293 75 15 19 10 2 5 1.12
2294 75 15 19 13 3 2 1.19
2295 75 15 19 20 4 7 0.94
2296 75 15 19 23 5 7 1.12
2297 75 15 19 29 6 8 1.18
2298 75 15 19 33 7 6 1.12
2299 75 15 19 37 8 5 0.94
2300 75 15 19 45 9 16 1.12
2301 75 15 19 51 10 5 1.17
2302 75 15 19 53 11 10 1.19
2303 75 15 19 59 12 11 1.11
2304 81 16 11 83 17 19 0.92
2305 81 16 11 91 18 14 1.13
2306 81 16 11 92 19 17 0.93
2307 81 16 11 98 20 18 1.15
2308 81 16 11 106 21 19 0.91
2309 81 16 11 107 22 21 0.93
2310 81 16 11 112 23 21 0.91
2311 81 16 11 119 24 23 1.18
2312 81 16 11 5 1 7 1.1
2313 81 16 11 7 2 1 0.93
2314 81 16 11 13 3 2 1.13
2315 81 16 11 20 4 7 0.9
2316 81 16 11 22 5 6 1.17
2317 81 16 11 30 6 10 1.1
2318 81 16 11 32 7 5 1.1
2319 81 16 11 39 8 7 1.18
2320 81 16 11 46 9 5 1.16
2321 81 16 11 49 10 12 1.11
2322 81 16 11 54 11 12 1.14
2323 81 16 11 61 12 6 1.11
2324 80 16 20 86 17 14 0.94
2325 80 16 20 91 18 14 0.9
2326 80 16 20 92 19 17 0.92
2327 80 16 20 97 20 17 0.9
2328 80 16 20 102 21 22 1.18
2329 80 16 20 111 22 20 1.11
2330 80 16 20 112 23 21 0.92
2331 80 16 20 117 24 21 0.92
2332 80 16 20 3 1 3 1.13
2333 80 16 20 7 2 1 0.93
2334 80 16 20 16 3 0 0.9
2335 80 16 20 21 4 0 1.17
2336 80 16 20 26 5 4 1.13
2337 80 16 20 27 6 5 0.93
2338 80 16 20 33 7 6 0.94
2339 80 16 20 41 8 4 1.14
2340 80 16 20 44 9 12 1.18
2341 80 16 20 49 10 12 1.18
2342 80 16 20 56 11 6 1.13
2343 80 16 20 59 12 11 1.13
2344 86 17 14 105 21 25 1.11
2345 86 17 14 107 22 21 0.94
2346 86 17 14 112 23 21 0.91
2347 86 17 14 121 24 19 1.12
2348 86 17 14 3 1 3 0.92
2349 86 17 14 10 2 5 0.92
2350 86 17 14 16 3 0 0.93
2351 86 17 14 18 4 2 0.91
2352 86 17 14 23 5 7 1.11
2353 86 17 14 31 6 2 0.91
2354 86 17 14 34 7 8 1.16
2355 86 17 14 40 8 12 0.92
2356 86 17 14 46 9 5 1.17
2357 86 17 14 48 10 11 1.11
2358 86 17 14 56 11 6 1.11
2359 86 17 14 57 12 9 1.1
2360 86 17 14 66 13 11 1.17
2361 86 17 14 67 14 13 1.15
2362 86 17 14 76 15 9 1.1
2363 86 17 14 79 16 15 1.18
2364 85 17 21 104 21 24 0.94
2365 85 17 21 109 22 24 0.94
2366 85 17 21 112 23 21 0.92
2367 85 17 21 119 24 23 0.91
2368 85 17 21 2 1 2 0.91
2369 85 17 21 10 2 5 0.93
2370 85 17 21 15 3 7 0.91
2371 85 17 21 20 4 7 1.1
2372 85 17 21 22 5 6 1.19
2373 85 17 21 31 6 2 1.11
2374 85 17 21 35 7 10 1.13
2375 85 17 21 38 8 6 0.94
2376 85 17 21 46 9 5 1.19
2377 85 17 21 47 10 9 0.91
2378 85 17 21 52 11 9 1.18
2379 85 17 21 61 12 6 1.15
2380 85 17 21 62 13 14 1.15
2381 85 17 21 68 14 15 1.15
2382 85 17 21 72 15 13 1.17
2383 85 17 21 77 16 13 1.19
2384 91 18 14 104 21 24 0.94
2385 91 18 14 109 22 24 0.92
2386 91 18 14 114 23 24 0.9
2387 91 18 14 121 24 19 0.91
2388 91 18 14 4 1 4 0.9
2389 91 18 14 8 2 3 0.92
2390 91 18 14 13 3 2 0.93
2391 91 18 14 17 4 1 1.16
2392 91 18 14 24 5 8 0.91
2393 91 18 14 27 6 5 0.9
2394 91 18 14 34 7 8 1.17
2395 91 18 14 41 8 4 1.15
2396 91 18 14 46 9 5 1.1
2397 91 18 14 50 10 16 1.15
2398 91 18 14 55 11 14 0.9
2399 91 18 14 59 12 11 1.13
2400 91 18 14 66 13 11 1.18
2401 91 18 14 69 14 16 1.17
2402 91 18 14 75 15 19 1.1
2403 91 18 14 77 16 13 1.1
2404 90 18 23 103 21 23 0.9
2405 90 18 23 110 22 25 1.12
2406 90 18 23 115 23 25 0.94
2407 90 18 23 120 24 25 0.9
2408 90 18 23 6 1 0 1.11
2409 90 18 23 9 2 4 0.94
2410 90 18 23 12 3 1 1.15
2411 90 18 23 19 4 3 0.94
2412 90 18 23 26 5 4 0.94
2413 90 18 23 31 6 2 0.92
2414 90 18 23 35 7 10 0.91
2415 90 18 23 38 8 6 1.12
2416 90 18 23 46 9 5 1.18
2417 90 18 23 50 10 16 1.15
2418 90 18 23 53 11 10 1.17
2419 90 18 23 61 12 6 1.18
2420 90 18 23 64 13 16 1.19
2421 90 18 23 70 14 17 1.13
2422 90 18 23 74 15 16 1.17
2423 90 18 23 78 16 14 1.13
2424 96 19 13 105 21 25 0.94
2425 96 19 13 107 22 21 0.92
2426 96 19 13 112 23 21 0.92
2427 96 19 13 119 24 23 0.93
2428 96 19 13 6 1 0 0.91
2429 96 19 13 10 2 5 1.18
2430 96 19 13 16 3 0 0.9
2431 96 19 13 19 4 3 0.94
2432 96 19 13 25 5 11 1.12
2433 96 19 13 30 6 10 1.11
2434 96 19 13 34 7 8 1.19
2435 96 19 13 41 8 4 0.93
2436 96 19 13 44 9 12 1.13
2437 96 19 13 49 10 12 0.93
2438 96 19 13 55 11 14 1.1
2439 96 19 13 57 12 9 1.13
2440 96 19 13 65 13 17 1.14
2441 96 19 13 67 14 13 1.18
2442 96 19 13 73 15 14 1.18
2443 96 19 13 77 16 13 1.18
2444 95 19 22 102 21 22 0.93
2445 95 19 22 110 22 25 0.92
2446 95 19 22 114 23 24 1.16
2447 95 19 22 120 24 25 0.9
2448 95 19 22 2 1 2 1.18
2449 95 19 22 7 2 1 0.91
2450 95 19 22 16 3 0 1.13
2451 95 19 22 19 4 3 0.91
2452 95 19 22 23 5 7 0.93
2453 95 19 22 27 6 5 0.91
2454 95 19 22 36 7 3 1.12
2455 95 19 22 38 8 6 1.1
2456 95 19 22 45 9 16 1.12
2457 95 19 22 51 10 5 1.1
2458 95 19 22 53 11 10 1.13
2459 95 19 22 61 12 6 0.94
2460 95 19 22 65 13 17 1.18
2461 95 19 22 70 14 17 1.19
2462 95 19 22 73 15 14 1.1
2463 95 19 22 80 16 20 1.15
2464 101 20 16 106 21 19 0.91
2465 101 20 16 107 22 21 0.94
2466 101 20 16 112 23 21 0.91
2467 101 20 16 121 24 19 1.14
2468 101 20 16 3 1 3 0.9
2469 101 20 16 11 2 0 0.94
2470 101 20 16 12 3 1 0.93
2471 101 20 16 17 4 1 1.17
2472 101 20 16 25 5 11 0.91
2473 101 20 16 29 6 8 1.1
2474 101 20 16 33 7 6 0.93
2475 101 20 16 40 8 12 1.16
2476 101 20 16 46 9 5 1.17
2477 101 20 16 49 10 12 0.91
2478 101 20 16 52 11 9 1.15
2479 101 20 16 58 12 10 1.11
2480 101 20 16 66 13 11 1.18
2481 101 20 16 68 14 15 1.14
2482 101 20 16 76 15 9 1.17
2483 101 20 16 78 16 14 1.16
2484 100 20 24 104 21 24 0.94
2485 100 20 24 108 22 23 0.9
2486 100 20 24 114 23 24 1.18
2487 100 20 24 119 24 23 1.17
2488 100 20 24 2 1 2 0.94
2489 100 20 24 11 2 0 1.17
2490 100 20 24 14 3 4 0.91
2491 100 20 24 21 4 0 0.9
2492 100 20 24 26 5 4 1.1
2493 100 20 24 30 6 10 0.9
2494 100 20 24 36 7 3 1.19
2495 100 20 24 38 8 6 1.13
2496 100 20 24 42 9 10 1.18
2497 100 20 24 50 10 16 1.11
2498 100 20 24 56 11 6 0.92
2499 100 20 24 60 12 13 1.16
2500 100 20 24 63 13 15 1.14
2501 100 20 24 67 14 13 1.11
2502 100 20 24 73 15 14 1.18
2503 100 20 24 77 16 13 1.13
2504 106 21 19 4 1 4 0.93
2505 106 21 19 10 2 5 1.16
2506 106 21 19 14 3 4 1.15
2507 106 21 19 17 4 1 1.19
2508 106 21 19 22 5 6 1.19
2509 106 21 19 30 6 10 0.91
2510 106 21 19 32 7 5 0.94
2511 106 21 19 37 8 5 0.92
2512 106 21 19 46 9 5 1.17
2513 106 21 19 48 10 11 0.92
2514 106 21 19 54 11 12 1.12
2515 106 21 19 60 12 13 0.94
2516 106 21 19 64 13 16 0.92
2517 106 21 19 67 14 13 1.1
2518 106 21 19 75 15 19 1.14
2519 106 21 19 80 16 20 1.13
2520 106 21 19 84 17 20 1.12
2521 106 21 19 91 18 14 1.16
2522 106 21 19 94 19 20 1.18
2523 106 21 19 101 20 16 1.16
2524 105 21 25 5 1 7 0.91
2525 105 21 25 10 2 5 1.12
2526 105 21 25 15 3 7 0.93
2527 105 21 25 19 4 3 1.19
2528 105 21 25 23 5 7 0.9
2529 105 21 25 28 6 7 0.94
2530 105 21 25 34 7 8 0.9
2531 105 21 25 38 8 6 1.17
2532 105 21 25 46 9 5 1.16
2533 105 21 25 51 10 5 1.1
2534 105 21 25 52 11 9 0.91
2535 105 21 25 61 12 6 1.14
2536 105 21 25 63 13 15 1.13
2537 105 21 25 70 14 17 1.14
2538 105 21 25 76 15 9 1.11
2539 105 21 25 80 16 20 1.19
2540 105 21 25 83 17 19 1.13
2541 105 21 25 89 18 20 1.14
2542 105 21 25 93 19 18 1.11
2543 105 21 25 100 20 24 1.1
2544 111 22 20 2 1 2 1.19
2545 111 22 20 9 2 4 0.93
2546 111 22 20 15 3 7 0.9
2547 111 22 20 19 4 3 0.91
2548 111 22 20 25 5 11 1.15
2549 111 22 20 28 6 7 1.13
2550 111 22 20 34 7 8 0.94
2551 111 22 20 41 8 4 0.93
2552 111 22 20 46 9 5 1.16
2553 111 22 20 51 10 5 1.19
2554 111 22 20 55 11 14 0.93
2555 111 22 20 58 12 10 0.9
2556 111 22 20 64 13 16 1.15
2557 111 22 20 68 14 15 1.19
2558 111 22 20 75 15 19 1.18
2559 111 22 20 81 16 11 1.14
2560 111 22 20 82 17 18 1.13
2561 111 22 20 88 18 19 1.12
2562 111 22 20 95 19 22 1.14
2563 111 22 20 100 20 24 1.15
2564 110 22 25 6 1 0 0.91
2565 110 22 25 9 2 4 0.9
2566 110 22 25 15 3 7 0.9
2567 110 22 25 21 4 0 0.91
2568 110 22 25 22 5 6 0.91
2569 110 22 25 28 6 7 0.93
2570 110 22 25 33 7 6 1.11
2571 110 22 25 41 8 4 0.91
2572 110 22 25 42 9 10 1.1
2573 110 22 25 47 10 9 0.91
2574 110 22 25 53 11 10 1.15
2575 110 22 25 58 12 10 1.13
2576 110 22 25 63 13 15 1.17
2577 110 22 25 68 14 15 0.91
2578 110 22 25 76 15 9 0.91
2579 110 22 25 77 16 13 1.16
2580 110 22 25 84 17 20 1.13
2581 110 22 25 88 18 19 1.1
2582 110 22 25 95 19 22 1.19
2583 110 22 25 101 20 16 1.18
2584 116 23 20 2 1 2 0.9
2585 116 23 20 8 2 3 1.17
2586 116 23 20 13 3 2 0.93
2587 116 23 20 19 4 3 0.93
2588 116 23 20 22 5 6 1.14
2589 116 23 20 30 6 10 1.19
2590 116 23 20 34 7 8 0.94
2591 116 23 20 39 8 7 0.9
2592 116 23 20 44 9 12 1.15
2593 116 23 20 49 10 12 0.94
2594 116 23 20 52 11 9 0.9
2595 116 23 20 58 12 10 1.11
2596 116 23 20 64 13 16 0.92
2597 116 23 20 68 14 15 1.14
2598 116 23 20 75 15 19 1.11
2599 116 23 20 79 16 15 1.12
2600 116 23 20 86 17 14 1.18
2601 116 23 20 89 18 20 1.14
2602 116 23 20 92 19 17 1.18
2603 116 23 20 101 20 16 1.18
2604 115 23 25 2 1 2 0.9
2605 115 23 25 11 2 0 0.93
2606 115 23 25 14 3 4 0.91
2607 115 23 25 19 4 3 0.9
2608 115 23 25 23 5 7 0.94
2609 115 23 25 28 6 7 1.17
2610 115 23 25 35 7 10 1.16
2611 115 23 25 38 8 6 1.1
2612 115 23 25 44 9 12 1.1
2613 115 23 25 49 10 12 0.94
2614 115 23 25 56 11 6 1.14
2615 115 23 25 57 12 9 1.18
2616 115 23 25 63 13 15 1.16
2617 115 23 25 67 14 13 1.15
2618 115 23 25 73 15 14 1.17
2619 115 23 25 80 16 20 1.13
2620 115 23 25 84 17 20 1.17
2621 115 23 25 90 18 23 1.15
2622 115 23 25 92 19 17 1.18
2623 115 23 25 97 20 17 1.17
2624 121 24 19 5 1 7 0.93
2625 121 24 19 8 2 3 0.92
2626 121 24 19 15 3 7 0.94
2627 121 24 19 21 4 0 0.93
2628 121 24 19 23 5 7 0.93
2629 121 24 19 30 6 10 0.94
2630 121 24 19 33 7 6 1.14
2631 121 24 19 40 8 12 1.19
2632 121 24 19 44 9 12 1.11
2633 121 24 19 51 10 5 1.12
2634 121 24 19 53 11 10 0.9
2635 121 24 19 59 12 11 0.9
2636 121 24 19 63 13 15 0.94
2637 121 24 19 70 14 17 1.19
2638 121 24 19 74 15 16 1.11
2639 121 24 19 77 16 13 1.1
2640 121 24 19 82 17 18 1.19
2641 121 24 19 88 18 19 1.15
2642 121 24 19 96 19 13 1.1
2643 121 24 19 101 20 16 1.19
2644 120 24 25 4 1 4 0.91
2645 120 24 25 8 2 3 0.9
2646 120 24 25 15 3 7 0.93
2647 120 24 25 21 4 0 0.91
2648 120 24 25 24 5 8 0.9
2649 120 24 25 27 6 5 0.9
2650 120 24 25 34 7 8 0.92
2651 120 24 25 38 8 6 0.91
2652 120 24 25 44 9 12 1.16
2653 120 24 25 51 10 5 1.14
2654 120 24 25 55 11 14 0.91
2655 120 24 25 61 12 6 1.13
2656 120 24 25 63 13 15 0.94
2657 120 24 25 69 14 16 0.93
2658 120 24 25 74 15 16 1.1
2659 120 24 25 80 16 20 1.13
2660 120 24 25 84 17 20 1.11
2661 120 24 25 87 18 17 1.11
2662 120 24 25 96 19 13 1.17
2663 120 24 25 98 20 18 1.17
