18 90 1144
7 2 1 1.0
8 2 3 1.0
35 7 10 1.0
63 13 15 1.0
17 4 1 1.0
60 12 13 1.0
10 2 5 1.0
46 9 5 1.0
33 7 6 1.0
30 6 10 1.0
54 11 12 1.0
26 5 4 1.0
43 9 11 1.0
84 0 3 1.0
64 13 16 1.0
65 13 17 1.0
38 8 6 1.0
86 17 13 1.0
75 15 17 1.0
24 5 8 1.0
16 3 0 1.0
48 10 11 1.0
81 16 11 1.0
73 15 14 1.0
32 7 5 1.0
20 4 7 1.0
76 15 9 1.0
14 3 4 1.0
31 6 2 1.0
61 12 6 1.0
59 12 11 1.0
28 6 7 1.0
4 1 4 1.0
67 14 13 1.0
50 10 16 1.0
15 3 7 1.0
44 9 12 1.0
88 17 15 1.0
85 0 4 1.0
29 6 8 1.0
11 2 0 1.0
70 14 17 1.0
5 1 7 1.0
36 7 3 1.0
62 13 14 1.0
22 5 6 1.0
83 0 2 1.0
69 14 16 1.0
87 17 14 1.0
78 16 14 1.0
39 8 7 1.0
80 16 17 1.0
41 8 4 1.0
68 14 15 1.0
49 10 12 1.0
18 4 2 1.0
42 9 10 1.0
79 16 15 1.0
47 10 9 1.0
25 5 11 1.0
77 16 13 1.0
27 6 5 1.0
71 14 9 1.0
9 2 4 1.0
72 15 13 1.0
66 13 11 1.0
12 3 1 1.0
74 15 16 1.0
13 3 2 1.0
34 7 8 1.0
2 1 2 1.0
6 1 0 1.0
52 11 9 1.0
23 5 7 1.0
0 17 0 1.0
53 11 10 1.0
45 9 16 1.0
57 12 9 1.0
21 4 0 1.0
1 0 17 1.0
82 0 1 1.0
58 12 10 1.0
40 8 12 1.0
37 8 5 1.0
55 11 14 1.0
19 4 3 1.0
3 1 3 1.0
89 17 16 1.0
51 10 5 1.0
56 11 6 1.0
0 1 0 17 69 14 16 1.04
1 1 0 17 74 15 16 1.04
2 1 0 17 24 5 8 0.95
3 1 0 17 63 13 15 0.95
4 1 0 17 89 17 16 1.04
5 1 0 17 52 11 9 0.95
6 1 0 17 66 13 11 0.95
7 1 0 17 20 4 7 0.95
8 1 0 17 11 2 0 0.95
9 1 0 17 29 6 8 1.04
10 1 0 17 68 14 15 0.95
11 1 0 17 83 0 2 1.04
12 1 0 17 72 15 13 1.04
13 1 0 17 23 5 7 1.04
14 1 0 17 47 10 9 1.04
15 1 0 17 46 9 5 1.04
16 1 0 17 12 3 1 0.95
17 1 0 17 67 14 13 0.95
18 1 0 17 8 2 3 0.95
19 1 0 17 41 8 4 1.04
20 1 0 17 32 7 5 1.04
21 1 0 17 2 1 2 0.95
22 1 0 17 54 11 12 1.04
23 1 0 17 21 4 0 0.95
24 1 0 17 22 5 6 0.95
25 1 0 17 9 2 4 1.04
26 1 0 17 13 3 2 0.95
27 1 0 17 0 17 0 1.04
28 1 0 17 86 17 13 1.04
29 1 0 17 18 4 2 0.95
30 1 0 17 45 9 16 0.95
31 1 0 17 44 9 12 1.04
32 1 0 17 40 8 12 0.95
33 1 0 17 17 4 1 0.95
34 1 0 17 84 0 3 0.95
35 1 0 17 36 7 3 1.04
36 1 0 17 59 12 11 0.95
37 1 0 17 3 1 3 1.04
38 1 0 17 62 13 14 0.95
39 1 0 17 60 12 13 0.95
40 1 0 17 35 7 10 1.04
41 1 0 17 80 16 17 1.04
42 1 0 17 14 3 4 1.04
43 1 0 17 19 4 3 1.04
44 1 0 17 55 11 14 0.95
45 1 0 17 85 0 4 1.04
46 82 0 1 26 5 4 1.04
47 82 0 1 66 13 11 1.04
48 82 0 1 77 16 13 0.95
49 82 0 1 48 10 11 1.04
50 82 0 1 62 13 14 1.04
51 82 0 1 76 15 9 1.04
52 82 0 1 75 15 17 1.04
53 82 0 1 69 14 16 0.95
54 82 0 1 13 3 2 1.04
55 82 0 1 60 12 13 0.95
56 82 0 1 55 11 14 1.04
57 82 0 1 71 14 9 0.95
58 82 0 1 56 11 6 0.95
59 82 0 1 67 14 13 0.95
60 82 0 1 61 12 6 0.95
61 82 0 1 52 11 9 1.04
62 82 0 1 14 3 4 0.95
63 82 0 1 59 12 11 1.04
64 82 0 1 51 10 5 0.95
65 82 0 1 50 10 16 0.95
66 82 0 1 36 7 3 0.95
67 82 0 1 57 12 9 1.04
68 82 0 1 39 8 7 0.95
69 82 0 1 29 6 8 1.04
70 82 0 1 79 16 15 0.95
71 82 0 1 17 4 1 0.95
72 82 0 1 15 3 7 1.04
73 82 0 1 8 2 3 0.95
74 82 0 1 45 9 16 1.04
75 82 0 1 63 13 15 0.95
76 82 0 1 46 9 5 1.04
77 82 0 1 41 8 4 0.95
78 82 0 1 21 4 0 0.95
79 82 0 1 89 17 16 1.04
80 82 0 1 54 11 12 1.04
81 82 0 1 85 0 4 0.95
82 82 0 1 72 15 13 1.04
83 82 0 1 49 10 12 0.95
84 82 0 1 64 13 16 0.95
85 82 0 1 43 9 11 0.95
86 82 0 1 27 6 5 1.04
87 82 0 1 88 17 15 1.04
88 82 0 1 20 4 7 1.04
89 82 0 1 38 8 6 0.95
90 82 0 1 0 17 0 1.04
91 82 0 1 87 17 14 0.95
92 83 0 2 71 14 9 1.04
93 83 0 2 4 1 4 0.95
94 83 0 2 61 12 6 0.95
95 83 0 2 32 7 5 1.04
96 83 0 2 18 4 2 0.95
97 83 0 2 1 0 17 0.95
98 83 0 2 35 7 10 1.04
99 83 0 2 78 16 14 1.04
100 83 0 2 36 7 3 1.04
101 83 0 2 84 0 3 0.95
102 83 0 2 52 11 9 1.04
103 83 0 2 28 6 7 1.04
104 83 0 2 62 13 14 0.95
105 83 0 2 89 17 16 0.95
106 83 0 2 11 2 0 0.95
107 83 0 2 3 1 3 1.04
108 83 0 2 49 10 12 0.95
109 83 0 2 88 17 15 1.04
110 83 0 2 34 7 8 1.04
111 83 0 2 85 0 4 0.95
112 83 0 2 77 16 13 0.95
113 83 0 2 6 1 0 0.95
114 83 0 2 23 5 7 1.04
115 83 0 2 43 9 11 1.04
116 83 0 2 79 16 15 0.95
117 83 0 2 66 13 11 0.95
118 83 0 2 27 6 5 0.95
119 83 0 2 72 15 13 0.95
120 83 0 2 19 4 3 1.04
121 83 0 2 16 3 0 1.04
122 83 0 2 60 12 13 0.95
123 83 0 2 5 1 7 0.95
124 83 0 2 15 3 7 0.95
125 83 0 2 74 15 16 1.04
126 83 0 2 67 14 13 1.04
127 83 0 2 65 13 17 1.04
128 83 0 2 25 5 11 0.95
129 83 0 2 81 16 11 0.95
130 83 0 2 51 10 5 0.95
131 83 0 2 10 2 5 0.95
132 83 0 2 38 8 6 0.95
133 83 0 2 0 17 0 1.04
134 83 0 2 64 13 16 0.95
135 83 0 2 2 1 2 1.04
136 83 0 2 24 5 8 1.04
137 83 0 2 50 10 16 1.04
138 84 0 3 7 2 1 1.04
139 84 0 3 8 2 3 0.95
140 84 0 3 35 7 10 0.95
141 84 0 3 63 13 15 1.04
142 84 0 3 17 4 1 1.04
143 84 0 3 60 12 13 1.04
144 84 0 3 10 2 5 1.04
145 84 0 3 46 9 5 1.04
146 84 0 3 33 7 6 1.04
147 84 0 3 30 6 10 0.95
148 84 0 3 54 11 12 1.04
149 84 0 3 26 5 4 1.04
150 84 0 3 43 9 11 1.04
151 84 0 3 64 13 16 0.95
152 84 0 3 65 13 17 0.95
153 84 0 3 38 8 6 1.04
154 84 0 3 86 17 13 0.95
155 84 0 3 75 15 17 0.95
156 84 0 3 24 5 8 1.04
157 84 0 3 16 3 0 0.95
158 84 0 3 48 10 11 0.95
159 84 0 3 81 16 11 1.04
160 84 0 3 73 15 14 0.95
161 84 0 3 32 7 5 1.04
162 84 0 3 20 4 7 1.04
163 84 0 3 76 15 9 1.04
164 84 0 3 14 3 4 0.95
165 84 0 3 31 6 2 1.04
166 84 0 3 61 12 6 0.95
167 84 0 3 59 12 11 0.95
168 84 0 3 28 6 7 1.04
169 84 0 3 4 1 4 0.95
170 84 0 3 67 14 13 1.04
171 84 0 3 50 10 16 1.04
172 84 0 3 15 3 7 1.04
173 84 0 3 44 9 12 0.95
174 84 0 3 88 17 15 1.04
175 84 0 3 85 0 4 1.04
176 84 0 3 29 6 8 0.95
177 84 0 3 11 2 0 1.04
178 84 0 3 70 14 17 0.95
179 84 0 3 5 1 7 0.95
180 84 0 3 36 7 3 1.04
181 84 0 3 62 13 14 1.04
182 84 0 3 22 5 6 1.04
183 84 0 3 83 0 2 0.95
184 2 1 2 22 5 6 1.15
185 2 1 2 27 6 5 0.93
186 2 1 2 32 7 5 1.17
187 2 1 2 40 8 12 1.11
188 2 1 2 45 9 16 0.91
189 2 1 2 47 10 9 1.13
190 2 1 2 54 11 12 0.93
191 2 1 2 61 12 6 1.17
192 2 1 2 66 13 11 0.94
193 2 1 2 70 14 17 0.93
194 2 1 2 73 15 14 1.19
195 2 1 2 78 16 14 1.15
196 3 1 3 22 5 6 0.9
197 3 1 3 31 6 2 0.93
198 3 1 3 33 7 6 0.91
199 3 1 3 40 8 12 0.9
200 3 1 3 46 9 5 1.13
201 3 1 3 48 10 11 1.15
202 3 1 3 53 11 10 0.92
203 3 1 3 59 12 11 1.16
204 3 1 3 66 13 11 1.17
205 3 1 3 69 14 16 1.15
206 3 1 3 73 15 14 1.15
207 3 1 3 77 16 13 0.91
208 4 1 4 26 5 4 0.93
209 4 1 4 29 6 8 0.92
210 4 1 4 33 7 6 0.93
211 4 1 4 40 8 12 0.94
212 4 1 4 43 9 11 0.91
213 4 1 4 48 10 11 1.13
214 4 1 4 56 11 6 0.94
215 4 1 4 59 12 11 0.9
216 4 1 4 63 13 15 0.94
217 4 1 4 68 14 15 1.1
218 4 1 4 76 15 9 1.1
219 4 1 4 80 16 17 1.13
220 7 2 1 22 5 6 0.93
221 7 2 1 29 6 8 1.16
222 7 2 1 36 7 3 1.13
223 7 2 1 37 8 5 0.92
224 7 2 1 43 9 11 1.15
225 7 2 1 51 10 5 1.18
226 7 2 1 55 11 14 0.92
227 7 2 1 61 12 6 0.93
228 7 2 1 66 13 11 1.19
229 7 2 1 67 14 13 1.1
230 7 2 1 75 15 17 0.9
231 7 2 1 78 16 14 1.15
232 8 2 3 26 5 4 1.11
233 8 2 3 31 6 2 1.12
234 8 2 3 33 7 6 1.13
235 8 2 3 40 8 12 0.92
236 8 2 3 46 9 5 1.17
237 8 2 3 48 10 11 0.9
238 8 2 3 55 11 14 1.16
239 8 2 3 59 12 11 1.17
240 8 2 3 63 13 15 0.9
241 8 2 3 68 14 15 0.9
242 8 2 3 75 15 17 1.19
243 8 2 3 80 16 17 0.93
244 9 2 4 24 5 8 0.92
245 9 2 4 30 6 10 0.93
246 9 2 4 35 7 10 1.12
247 9 2 4 38 8 6 1.1
248 9 2 4 43 9 11 0.93
249 9 2 4 48 10 11 1.14
250 9 2 4 53 11 10 0.92
251 9 2 4 59 12 11 0.93
252 9 2 4 65 13 17 1.12
253 9 2 4 69 14 16 0.91
254 9 2 4 74 15 16 1.17
255 9 2 4 78 16 14 1.14
256 12 3 1 23 5 7 0.93
257 12 3 1 27 6 5 1.17
258 12 3 1 35 7 10 0.93
259 12 3 1 40 8 12 0.93
260 12 3 1 46 9 5 1.18
261 12 3 1 51 10 5 0.94
262 12 3 1 53 11 10 0.91
263 12 3 1 57 12 9 0.93
264 12 3 1 65 13 17 1.16
265 12 3 1 68 14 15 1.16
266 12 3 1 74 15 16 1.12
267 12 3 1 77 16 13 0.91
268 13 3 2 25 5 11 0.91
269 13 3 2 27 6 5 0.9
270 13 3 2 33 7 6 0.91
271 13 3 2 41 8 4 0.9
272 13 3 2 42 9 10 1.11
273 13 3 2 50 10 16 1.16
274 13 3 2 56 11 6 0.91
275 13 3 2 60 12 13 0.9
276 13 3 2 64 13 16 1.15
277 13 3 2 68 14 15 0.91
278 13 3 2 74 15 16 1.14
279 13 3 2 78 16 14 0.9
280 14 3 4 22 5 6 0.94
281 14 3 4 30 6 10 1.11
282 14 3 4 34 7 8 0.9
283 14 3 4 39 8 7 0.93
284 14 3 4 45 9 16 0.94
285 14 3 4 48 10 11 0.94
286 14 3 4 53 11 10 1.1
287 14 3 4 59 12 11 0.91
288 14 3 4 65 13 17 1.13
289 14 3 4 70 14 17 0.92
290 14 3 4 74 15 16 0.91
291 14 3 4 77 16 13 0.93
292 17 4 1 24 5 8 0.91
293 17 4 1 28 6 7 0.92
294 17 4 1 36 7 3 0.92
295 17 4 1 41 8 4 1.15
296 17 4 1 42 9 10 1.15
297 17 4 1 47 10 9 1.17
298 17 4 1 52 11 9 1.14
299 17 4 1 57 12 9 1.14
300 17 4 1 62 13 14 0.92
301 17 4 1 71 14 9 1.16
302 17 4 1 76 15 9 1.16
303 17 4 1 79 16 15 0.92
304 18 4 2 22 5 6 1.14
305 18 4 2 28 6 7 0.91
306 18 4 2 35 7 10 0.93
307 18 4 2 40 8 12 1.12
308 18 4 2 44 9 12 0.92
309 18 4 2 51 10 5 0.93
310 18 4 2 56 11 6 0.94
311 18 4 2 60 12 13 0.9
312 18 4 2 63 13 15 1.11
313 18 4 2 67 14 13 1.11
314 18 4 2 72 15 13 1.14
315 18 4 2 81 16 11 1.1
316 19 4 3 26 5 4 0.91
317 19 4 3 28 6 7 1.1
318 19 4 3 36 7 3 0.9
319 19 4 3 41 8 4 0.9
320 19 4 3 44 9 12 0.9
321 19 4 3 50 10 16 0.92
322 19 4 3 56 11 6 0.91
323 19 4 3 59 12 11 0.93
324 19 4 3 63 13 15 1.17
325 19 4 3 68 14 15 1.15
326 19 4 3 72 15 13 0.94
327 19 4 3 80 16 17 1.17
328 22 5 6 42 9 10 0.92
329 22 5 6 50 10 16 0.92
330 22 5 6 53 11 10 1.19
331 22 5 6 59 12 11 0.91
332 22 5 6 62 13 14 1.14
333 22 5 6 69 14 16 0.91
334 22 5 6 72 15 13 0.92
335 22 5 6 77 16 13 0.9
336 22 5 6 5 1 7 0.93
337 22 5 6 11 2 0 0.91
338 22 5 6 13 3 2 0.9
339 22 5 6 18 4 2 0.92
340 23 5 7 46 9 5 0.92
341 23 5 7 48 10 11 0.9
342 23 5 7 54 11 12 0.91
343 23 5 7 59 12 11 0.92
344 23 5 7 63 13 15 1.15
345 23 5 7 70 14 17 0.91
346 23 5 7 76 15 9 0.92
347 23 5 7 77 16 13 0.92
348 23 5 7 3 1 3 1.13
349 23 5 7 10 2 5 0.92
350 23 5 7 15 3 7 1.18
351 23 5 7 19 4 3 0.92
352 24 5 8 46 9 5 1.17
353 24 5 8 50 10 16 0.91
354 24 5 8 56 11 6 0.92
355 24 5 8 61 12 6 0.93
356 24 5 8 63 13 15 0.94
357 24 5 8 70 14 17 0.91
358 24 5 8 72 15 13 0.92
359 24 5 8 79 16 15 0.93
360 24 5 8 6 1 0 1.19
361 24 5 8 11 2 0 1.14
362 24 5 8 16 3 0 0.94
363 24 5 8 21 4 0 1.1
364 27 6 5 44 9 12 0.9
365 27 6 5 47 10 9 0.93
366 27 6 5 54 11 12 1.11
367 27 6 5 60 12 13 0.9
368 27 6 5 63 13 15 0.91
369 27 6 5 70 14 17 1.14
370 27 6 5 72 15 13 0.94
371 27 6 5 78 16 14 0.93
372 27 6 5 2 1 2 0.91
373 27 6 5 7 2 1 1.1
374 27 6 5 14 3 4 1.11
375 27 6 5 18 4 2 0.91
376 28 6 7 42 9 10 0.91
377 28 6 7 49 10 12 0.92
378 28 6 7 52 11 9 0.91
379 28 6 7 58 12 10 0.9
380 28 6 7 64 13 16 0.9
381 28 6 7 69 14 16 1.18
382 28 6 7 74 15 16 0.91
383 28 6 7 80 16 17 0.93
384 28 6 7 3 1 3 1.14
385 28 6 7 11 2 0 1.17
386 28 6 7 13 3 2 1.11
387 28 6 7 20 4 7 0.94
388 29 6 8 43 9 11 0.91
389 29 6 8 50 10 16 1.14
390 29 6 8 53 11 10 0.93
391 29 6 8 59 12 11 0.9
392 29 6 8 66 13 11 0.92
393 29 6 8 69 14 16 1.17
394 29 6 8 76 15 9 1.17
395 29 6 8 80 16 17 0.94
396 29 6 8 4 1 4 1.1
397 29 6 8 7 2 1 1.16
398 29 6 8 16 3 0 0.93
399 29 6 8 18 4 2 0.93
400 32 7 5 43 9 11 0.91
401 32 7 5 47 10 9 1.19
402 32 7 5 53 11 10 1.11
403 32 7 5 58 12 10 1.13
404 32 7 5 66 13 11 0.91
405 32 7 5 70 14 17 1.12
406 32 7 5 76 15 9 1.18
407 32 7 5 80 16 17 1.18
408 32 7 5 4 1 4 0.9
409 32 7 5 8 2 3 1.17
410 32 7 5 15 3 7 1.11
411 32 7 5 17 4 1 0.9
412 33 7 6 42 9 10 1.11
413 33 7 6 49 10 12 1.13
414 33 7 6 53 11 10 1.18
415 33 7 6 61 12 6 1.12
416 33 7 6 63 13 15 0.93
417 33 7 6 71 14 9 0.9
418 33 7 6 72 15 13 0.92
419 33 7 6 77 16 13 0.92
420 33 7 6 5 1 7 1.12
421 33 7 6 10 2 5 1.17
422 33 7 6 13 3 2 0.93
423 33 7 6 18 4 2 1.12
424 34 7 8 42 9 10 0.93
425 34 7 8 49 10 12 0.93
426 34 7 8 55 11 14 1.19
427 34 7 8 59 12 11 1.11
428 34 7 8 66 13 11 0.91
429 34 7 8 68 14 15 0.94
430 34 7 8 72 15 13 0.93
431 34 7 8 80 16 17 0.9
432 34 7 8 6 1 0 0.9
433 34 7 8 8 2 3 1.11
434 34 7 8 12 3 1 1.11
435 34 7 8 17 4 1 1.16
436 37 8 5 42 9 10 0.92
437 37 8 5 48 10 11 0.9
438 37 8 5 52 11 9 0.93
439 37 8 5 59 12 11 0.93
440 37 8 5 65 13 17 0.93
441 37 8 5 68 14 15 0.91
442 37 8 5 75 15 17 1.17
443 37 8 5 78 16 14 0.9
444 37 8 5 5 1 7 1.15
445 37 8 5 10 2 5 0.92
446 37 8 5 12 3 1 0.94
447 37 8 5 18 4 2 1.15
448 38 8 6 42 9 10 0.92
449 38 8 6 48 10 11 1.1
450 38 8 6 53 11 10 1.19
451 38 8 6 57 12 9 0.93
452 38 8 6 62 13 14 0.94
453 38 8 6 70 14 17 1.14
454 38 8 6 74 15 16 0.91
455 38 8 6 81 16 11 0.94
456 38 8 6 6 1 0 1.14
457 38 8 6 10 2 5 0.94
458 38 8 6 13 3 2 0.94
459 38 8 6 20 4 7 1.17
460 39 8 7 42 9 10 1.18
461 39 8 7 49 10 12 0.91
462 39 8 7 52 11 9 0.92
463 39 8 7 61 12 6 0.93
464 39 8 7 66 13 11 1.16
465 39 8 7 69 14 16 1.12
466 39 8 7 72 15 13 1.14
467 39 8 7 79 16 15 1.18
468 39 8 7 2 1 2 1.1
469 39 8 7 8 2 3 0.91
470 39 8 7 14 3 4 1.16
471 39 8 7 19 4 3 0.92
472 42 9 10 62 13 14 1.11
473 42 9 10 68 14 15 0.9
474 42 9 10 72 15 13 0.92
475 42 9 10 80 16 17 0.93
476 42 9 10 2 1 2 1.12
477 42 9 10 7 2 1 0.9
478 42 9 10 13 3 2 1.12
479 42 9 10 19 4 3 1.1
480 42 9 10 26 5 4 1.18
481 42 9 10 28 6 7 1.16
482 42 9 10 34 7 8 0.93
483 42 9 10 41 8 4 0.91
484 43 9 11 63 13 15 0.91
485 43 9 11 69 14 16 0.91
486 43 9 11 75 15 17 1.16
487 43 9 11 78 16 14 0.91
488 43 9 11 4 1 4 0.94
489 43 9 11 7 2 1 0.91
490 43 9 11 15 3 7 0.93
491 43 9 11 19 4 3 1.1
492 43 9 11 25 5 11 1.17
493 43 9 11 27 6 5 1.17
494 43 9 11 33 7 6 1.15
495 43 9 11 41 8 4 0.9
496 44 9 12 62 13 14 0.9
497 44 9 12 68 14 15 0.94
498 44 9 12 75 15 17 0.9
499 44 9 12 79 16 15 0.93
500 44 9 12 4 1 4 0.94
501 44 9 12 8 2 3 0.9
502 44 9 12 13 3 2 0.93
503 44 9 12 20 4 7 1.19
504 44 9 12 22 5 6 1.13
505 44 9 12 30 6 10 1.14
506 44 9 12 32 7 5 0.94
507 44 9 12 37 8 5 1.1
508 47 10 9 62 13 14 0.91
509 47 10 9 67 14 13 0.93
510 47 10 9 72 15 13 0.91
511 47 10 9 78 16 14 0.9
512 47 10 9 5 1 7 1.18
513 47 10 9 9 2 4 0.9
514 47 10 9 15 3 7 1.16
515 47 10 9 18 4 2 0.93
516 47 10 9 26 5 4 0.9
517 47 10 9 31 6 2 0.9
518 47 10 9 36 7 3 1.17
519 47 10 9 38 8 6 1.17
520 48 10 11 64 13 16 0.93
521 48 10 11 70 14 17 0.91
522 48 10 11 75 15 17 0.9
523 48 10 11 79 16 15 0.94
524 48 10 11 3 1 3 1.1
525 48 10 11 9 2 4 0.9
526 48 10 11 16 3 0 0.92
527 48 10 11 21 4 0 1.19
528 48 10 11 24 5 8 1.1
529 48 10 11 29 6 8 1.14
530 48 10 11 36 7 3 0.92
531 48 10 11 40 8 12 1.19
532 49 10 12 63 13 15 1.18
533 49 10 12 69 14 16 0.93
534 49 10 12 72 15 13 0.94
535 49 10 12 78 16 14 1.16
536 49 10 12 4 1 4 0.91
537 49 10 12 9 2 4 1.12
538 49 10 12 15 3 7 0.93
539 49 10 12 19 4 3 0.9
540 49 10 12 26 5 4 1.17
541 49 10 12 30 6 10 1.12
542 49 10 12 32 7 5 0.91
543 49 10 12 40 8 12 0.91
544 52 11 9 63 13 15 0.9
545 52 11 9 67 14 13 0.93
546 52 11 9 73 15 14 1.14
547 52 11 9 80 16 17 1.14
548 52 11 9 5 1 7 0.94
549 52 11 9 7 2 1 0.93
550 52 11 9 14 3 4 1.17
551 52 11 9 19 4 3 0.94
552 52 11 9 22 5 6 1.15
553 52 11 9 31 6 2 1.15
554 52 11 9 36 7 3 0.93
555 52 11 9 39 8 7 0.92
556 53 11 10 64 13 16 0.94
557 53 11 10 67 14 13 1.1
558 53 11 10 76 15 9 1.11
559 53 11 10 78 16 14 0.9
560 53 11 10 2 1 2 1.16
561 53 11 10 8 2 3 0.93
562 53 11 10 13 3 2 1.12
563 53 11 10 18 4 2 1.19
564 53 11 10 25 5 11 0.9
565 53 11 10 30 6 10 1.1
566 53 11 10 34 7 8 1.15
567 53 11 10 40 8 12 0.91
568 54 11 12 64 13 16 0.9
569 54 11 12 70 14 17 1.18
570 54 11 12 74 15 16 0.94
571 54 11 12 78 16 14 1.11
572 54 11 12 5 1 7 0.94
573 54 11 12 9 2 4 0.93
574 54 11 12 12 3 1 0.92
575 54 11 12 20 4 7 0.92
576 54 11 12 26 5 4 1.1
577 54 11 12 29 6 8 0.9
578 54 11 12 32 7 5 0.91
579 54 11 12 41 8 4 0.9
580 57 12 9 64 13 16 0.93
581 57 12 9 67 14 13 0.9
582 57 12 9 72 15 13 0.9
583 57 12 9 77 16 13 0.91
584 57 12 9 6 1 0 0.9
585 57 12 9 11 2 0 1.14
586 57 12 9 13 3 2 0.93
587 57 12 9 18 4 2 0.92
588 57 12 9 22 5 6 1.12
589 57 12 9 31 6 2 0.9
590 57 12 9 32 7 5 0.92
591 57 12 9 37 8 5 0.92
592 58 12 10 64 13 16 0.92
593 58 12 10 71 14 9 0.92
594 58 12 10 72 15 13 0.9
595 58 12 10 80 16 17 0.92
596 58 12 10 6 1 0 1.15
597 58 12 10 11 2 0 1.12
598 58 12 10 16 3 0 0.91
599 58 12 10 18 4 2 1.19
600 58 12 10 25 5 11 1.19
601 58 12 10 31 6 2 1.12
602 58 12 10 35 7 10 0.94
603 58 12 10 39 8 7 0.92
604 59 12 11 62 13 14 0.93
605 59 12 11 71 14 9 1.12
606 59 12 11 76 15 9 0.93
607 59 12 11 78 16 14 0.93
608 59 12 11 3 1 3 1.14
609 59 12 11 7 2 1 0.9
610 59 12 11 12 3 1 1.13
611 59 12 11 19 4 3 0.9
612 59 12 11 23 5 7 0.94
613 59 12 11 28 6 7 1.16
614 59 12 11 35 7 10 1.18
615 59 12 11 37 8 5 1.11
616 62 13 14 2 1 2 0.91
617 62 13 14 11 2 0 0.93
618 62 13 14 14 3 4 0.93
619 62 13 14 18 4 2 0.91
620 62 13 14 24 5 8 1.14
621 62 13 14 27 6 5 1.18
622 62 13 14 34 7 8 0.94
623 62 13 14 38 8 6 0.92
624 62 13 14 43 9 11 1.18
625 62 13 14 47 10 9 1.16
626 62 13 14 52 11 9 1.19
627 62 13 14 58 12 10 0.91
628 63 13 15 2 1 2 0.94
629 63 13 15 11 2 0 0.94
630 63 13 15 15 3 7 0.91
631 63 13 15 21 4 0 0.93
632 63 13 15 26 5 4 0.94
633 63 13 15 28 6 7 1.17
634 63 13 15 33 7 6 1.17
635 63 13 15 37 8 5 0.94
636 63 13 15 45 9 16 1.17
637 63 13 15 49 10 12 1.18
638 63 13 15 56 11 6 1.18
639 63 13 15 58 12 10 1.1
640 64 13 16 2 1 2 1.11
641 64 13 16 11 2 0 0.92
642 64 13 16 12 3 1 0.91
643 64 13 16 21 4 0 0.93
644 64 13 16 26 5 4 1.13
645 64 13 16 27 6 5 1.11
646 64 13 16 34 7 8 1.12
647 64 13 16 41 8 4 0.91
648 64 13 16 43 9 11 0.9
649 64 13 16 49 10 12 1.14
650 64 13 16 53 11 10 1.1
651 64 13 16 61 12 6 0.9
652 67 14 13 5 1 7 0.91
653 67 14 13 10 2 5 1.12
654 67 14 13 13 3 2 0.94
655 67 14 13 19 4 3 0.94
656 67 14 13 23 5 7 0.91
657 67 14 13 31 6 2 0.93
658 67 14 13 32 7 5 0.91
659 67 14 13 40 8 12 0.91
660 67 14 13 43 9 11 1.15
661 67 14 13 47 10 9 1.16
662 67 14 13 52 11 9 0.92
663 67 14 13 61 12 6 0.94
664 68 14 15 4 1 4 0.92
665 68 14 15 9 2 4 0.93
666 68 14 15 13 3 2 0.91
667 68 14 15 18 4 2 0.91
668 68 14 15 25 5 11 0.91
669 68 14 15 31 6 2 0.9
670 68 14 15 33 7 6 1.13
671 68 14 15 37 8 5 1.14
672 68 14 15 46 9 5 1.14
673 68 14 15 47 10 9 1.15
674 68 14 15 55 11 14 0.94
675 68 14 15 58 12 10 1.15
676 69 14 16 2 1 2 0.91
677 69 14 16 7 2 1 0.9
678 69 14 16 16 3 0 0.9
679 69 14 16 17 4 1 0.9
680 69 14 16 22 5 6 1.12
681 69 14 16 30 6 10 0.94
682 69 14 16 35 7 10 0.91
683 69 14 16 39 8 7 0.92
684 69 14 16 43 9 11 1.1
685 69 14 16 47 10 9 1.15
686 69 14 16 52 11 9 1.19
687 69 14 16 59 12 11 1.18
688 72 15 13 6 1 0 0.92
689 72 15 13 8 2 3 0.93
690 72 15 13 14 3 4 0.94
691 72 15 13 21 4 0 0.9
692 72 15 13 23 5 7 0.92
693 72 15 13 28 6 7 1.19
694 72 15 13 35 7 10 0.94
695 72 15 13 40 8 12 1.17
696 72 15 13 44 9 12 0.91
697 72 15 13 47 10 9 1.14
698 72 15 13 54 11 12 1.15
699 72 15 13 61 12 6 1.17
700 73 15 14 2 1 2 0.93
701 73 15 14 8 2 3 0.93
702 73 15 14 13 3 2 0.91
703 73 15 14 17 4 1 0.94
704 73 15 14 26 5 4 1.19
705 73 15 14 28 6 7 1.1
706 73 15 14 32 7 5 1.1
707 73 15 14 40 8 12 0.92
708 73 15 14 42 9 10 1.11
709 73 15 14 47 10 9 1.12
710 73 15 14 53 11 10 1.15
711 73 15 14 61 12 6 1.14
712 74 15 16 2 1 2 0.9
713 74 15 16 11 2 0 0.94
714 74 15 16 14 3 4 0.93
715 74 15 16 21 4 0 0.92
716 74 15 16 24 5 8 1.19
717 74 15 16 30 6 10 1.12
718 74 15 16 32 7 5 1.16
719 74 15 16 37 8 5 0.93
720 74 15 16 44 9 12 0.9
721 74 15 16 47 10 9 1.1
722 74 15 16 55 11 14 1.18
723 74 15 16 58 12 10 1.15
724 77 16 13 5 1 7 1.15
725 77 16 13 7 2 1 0.94
726 77 16 13 12 3 1 1.15
727 77 16 13 20 4 7 0.91
728 77 16 13 22 5 6 0.93
729 77 16 13 30 6 10 0.94
730 77 16 13 36 7 3 0.94
731 77 16 13 37 8 5 0.94
732 77 16 13 43 9 11 1.17
733 77 16 13 49 10 12 0.93
734 77 16 13 52 11 9 0.92
735 77 16 13 60 12 13 0.92
736 78 16 14 6 1 0 0.91
737 78 16 14 7 2 1 0.91
738 78 16 14 14 3 4 0.92
739 78 16 14 20 4 7 1.13
740 78 16 14 26 5 4 0.94
741 78 16 14 30 6 10 0.91
742 78 16 14 35 7 10 0.92
743 78 16 14 41 8 4 0.94
744 78 16 14 45 9 16 0.91
745 78 16 14 49 10 12 0.92
746 78 16 14 55 11 14 1.17
747 78 16 14 59 12 11 0.93
748 79 16 15 2 1 2 0.93
749 79 16 15 7 2 1 0.91
750 79 16 15 15 3 7 0.93
751 79 16 15 21 4 0 0.93
752 79 16 15 26 5 4 1.19
753 79 16 15 29 6 8 1.13
754 79 16 15 36 7 3 0.94
755 79 16 15 39 8 7 0.93
756 79 16 15 42 9 10 1.13
757 79 16 15 51 10 5 1.13
758 79 16 15 52 11 9 1.17
759 79 16 15 57 12 9 0.92
760 6 1 0 23 5 7 1.18
761 6 1 0 27 6 5 0.93
762 6 1 0 36 7 3 1.1
763 6 1 0 37 8 5 0.93
764 6 1 0 43 9 11 1.14
765 6 1 0 50 10 16 0.93
766 6 1 0 52 11 9 1.18
767 6 1 0 57 12 9 1.19
768 6 1 0 62 13 14 1.1
769 6 1 0 67 14 13 1.11
770 6 1 0 73 15 14 1.17
771 6 1 0 78 16 14 1.13
772 5 1 7 23 5 7 1.1
773 5 1 7 29 6 8 0.9
774 5 1 7 33 7 6 0.92
775 5 1 7 38 8 6 0.9
776 5 1 7 45 9 16 1.19
777 5 1 7 48 10 11 0.9
778 5 1 7 56 11 6 0.91
779 5 1 7 58 12 10 0.92
780 5 1 7 62 13 14 1.14
781 5 1 7 71 14 9 1.1
782 5 1 7 74 15 16 1.17
783 5 1 7 78 16 14 1.13
784 11 2 0 26 5 4 0.94
785 11 2 0 30 6 10 1.19
786 11 2 0 36 7 3 1.17
787 11 2 0 38 8 6 0.93
788 11 2 0 46 9 5 0.94
789 11 2 0 50 10 16 1.17
790 11 2 0 56 11 6 0.93
791 11 2 0 58 12 10 0.93
792 11 2 0 66 13 11 0.91
793 11 2 0 71 14 9 1.14
794 11 2 0 74 15 16 1.1
795 11 2 0 78 16 14 0.93
796 10 2 5 26 5 4 0.93
797 10 2 5 27 6 5 0.92
798 10 2 5 34 7 8 0.94
799 10 2 5 38 8 6 1.14
800 10 2 5 44 9 12 0.91
801 10 2 5 48 10 11 0.9
802 10 2 5 56 11 6 1.11
803 10 2 5 59 12 11 1.14
804 10 2 5 64 13 16 1.17
805 10 2 5 71 14 9 0.94
806 10 2 5 73 15 14 0.93
807 10 2 5 79 16 15 0.94
808 16 3 0 26 5 4 0.93
809 16 3 0 28 6 7 0.94
810 16 3 0 32 7 5 0.93
811 16 3 0 39 8 7 0.9
812 16 3 0 43 9 11 1.19
813 16 3 0 47 10 9 0.93
814 16 3 0 54 11 12 0.91
815 16 3 0 61 12 6 0.9
816 16 3 0 64 13 16 1.11
817 16 3 0 67 14 13 0.92
818 16 3 0 76 15 9 0.94
819 16 3 0 80 16 17 1.13
820 15 3 7 24 5 8 0.91
821 15 3 7 27 6 5 0.92
822 15 3 7 35 7 10 0.92
823 15 3 7 40 8 12 1.1
824 15 3 7 45 9 16 1.11
825 15 3 7 49 10 12 1.11
826 15 3 7 56 11 6 0.9
827 15 3 7 59 12 11 1.17
828 15 3 7 65 13 17 1.1
829 15 3 7 68 14 15 0.93
830 15 3 7 73 15 14 0.9
831 15 3 7 81 16 11 0.91
832 21 4 0 22 5 6 0.94
833 21 4 0 27 6 5 0.94
834 21 4 0 34 7 8 0.94
835 21 4 0 41 8 4 0.9
836 21 4 0 42 9 10 1.15
837 21 4 0 49 10 12 0.93
838 21 4 0 54 11 12 1.16
839 21 4 0 60 12 13 0.9
840 21 4 0 66 13 11 0.92
841 21 4 0 70 14 17 0.9
842 21 4 0 74 15 16 0.92
843 21 4 0 80 16 17 1.13
844 20 4 7 22 5 6 0.94
845 20 4 7 29 6 8 0.93
846 20 4 7 36 7 3 0.94
847 20 4 7 39 8 7 0.94
848 20 4 7 44 9 12 0.94
849 20 4 7 47 10 9 0.91
850 20 4 7 52 11 9 0.94
851 20 4 7 59 12 11 1.14
852 20 4 7 66 13 11 1.15
853 20 4 7 68 14 15 1.17
854 20 4 7 75 15 17 1.13
855 20 4 7 78 16 14 1.18
856 26 5 4 43 9 11 1.1
857 26 5 4 51 10 5 0.94
858 26 5 4 53 11 10 1.14
859 26 5 4 61 12 6 1.11
860 26 5 4 65 13 17 0.93
861 26 5 4 67 14 13 0.91
862 26 5 4 75 15 17 1.1
863 26 5 4 78 16 14 0.92
864 26 5 4 2 1 2 1.13
865 26 5 4 10 2 5 1.18
866 26 5 4 15 3 7 0.92
867 26 5 4 21 4 0 0.91
868 25 5 11 46 9 5 0.91
869 25 5 11 47 10 9 0.91
870 25 5 11 52 11 9 0.91
871 25 5 11 58 12 10 0.91
872 25 5 11 62 13 14 0.91
873 25 5 11 71 14 9 1.1
874 25 5 11 74 15 16 0.92
875 25 5 11 81 16 11 0.9
876 25 5 11 5 1 7 0.92
877 25 5 11 10 2 5 0.91
878 25 5 11 12 3 1 0.92
879 25 5 11 21 4 0 0.91
880 31 6 2 46 9 5 0.9
881 31 6 2 47 10 9 0.9
882 31 6 2 54 11 12 0.93
883 31 6 2 60 12 13 1.12
884 31 6 2 63 13 15 1.18
885 31 6 2 71 14 9 1.19
886 31 6 2 75 15 17 1.1
887 31 6 2 78 16 14 0.93
888 31 6 2 5 1 7 1.12
889 31 6 2 10 2 5 1.11
890 31 6 2 14 3 4 0.93
891 31 6 2 19 4 3 1.11
892 30 6 10 43 9 11 0.9
893 30 6 10 51 10 5 0.93
894 30 6 10 54 11 12 0.92
895 30 6 10 60 12 13 0.94
896 30 6 10 65 13 17 0.93
897 30 6 10 67 14 13 1.12
898 30 6 10 76 15 9 1.19
899 30 6 10 81 16 11 0.93
900 30 6 10 4 1 4 0.9
901 30 6 10 7 2 1 1.19
902 30 6 10 14 3 4 0.94
903 30 6 10 20 4 7 1.13
904 36 7 3 44 9 12 0.94
905 36 7 3 49 10 12 1.14
906 36 7 3 53 11 10 0.9
907 36 7 3 59 12 11 0.94
908 36 7 3 62 13 14 1.19
909 36 7 3 67 14 13 0.94
910 36 7 3 73 15 14 0.93
911 36 7 3 79 16 15 0.91
912 36 7 3 3 1 3 1.12
913 36 7 3 8 2 3 0.9
914 36 7 3 13 3 2 1.12
915 36 7 3 19 4 3 1.12
916 35 7 10 42 9 10 0.91
917 35 7 10 50 10 16 0.92
918 35 7 10 55 11 14 0.93
919 35 7 10 61 12 6 1.15
920 35 7 10 62 13 14 0.9
921 35 7 10 68 14 15 1.17
922 35 7 10 75 15 17 1.19
923 35 7 10 80 16 17 1.12
924 35 7 10 2 1 2 1.16
925 35 7 10 9 2 4 1.1
926 35 7 10 12 3 1 0.93
927 35 7 10 19 4 3 1.11
928 41 8 4 45 9 16 0.9
929 41 8 4 51 10 5 1.14
930 41 8 4 52 11 9 0.93
931 41 8 4 58 12 10 0.92
932 41 8 4 64 13 16 1.18
933 41 8 4 70 14 17 0.91
934 41 8 4 75 15 17 1.1
935 41 8 4 78 16 14 1.12
936 41 8 4 6 1 0 1.17
937 41 8 4 11 2 0 1.16
938 41 8 4 14 3 4 0.92
939 41 8 4 18 4 2 1.17
940 40 8 12 46 9 5 0.92
941 40 8 12 51 10 5 0.9
942 40 8 12 53 11 10 0.94
943 40 8 12 59 12 11 0.94
944 40 8 12 65 13 17 1.18
945 40 8 12 68 14 15 0.93
946 40 8 12 76 15 9 1.18
947 40 8 12 81 16 11 0.9
948 40 8 12 5 1 7 0.9
949 40 8 12 7 2 1 1.18
950 40 8 12 12 3 1 1.14
951 40 8 12 19 4 3 1.1
952 46 9 5 65 13 17 0.9
953 46 9 5 70 14 17 0.93
954 46 9 5 73 15 14 0.94
955 46 9 5 80 16 17 1.19
956 46 9 5 6 1 0 0.91
957 46 9 5 11 2 0 0.9
958 46 9 5 16 3 0 1.16
959 46 9 5 20 4 7 1.17
960 46 9 5 23 5 7 0.91
961 46 9 5 31 6 2 0.94
962 46 9 5 35 7 10 0.94
963 46 9 5 41 8 4 0.9
964 45 9 16 64 13 16 0.92
965 45 9 16 70 14 17 0.9
966 45 9 16 75 15 17 0.92
967 45 9 16 78 16 14 0.9
968 45 9 16 5 1 7 0.92
969 45 9 16 9 2 4 0.9
970 45 9 16 12 3 1 0.92
971 45 9 16 18 4 2 1.13
972 45 9 16 25 5 11 0.91
973 45 9 16 29 6 8 1.19
974 45 9 16 34 7 8 0.91
975 45 9 16 40 8 12 1.15
976 51 10 5 65 13 17 0.93
977 51 10 5 70 14 17 1.12
978 51 10 5 75 15 17 0.93
979 51 10 5 78 16 14 0.9
980 51 10 5 6 1 0 1.13
981 51 10 5 9 2 4 0.93
982 51 10 5 16 3 0 0.92
983 51 10 5 19 4 3 0.91
984 51 10 5 25 5 11 1.15
985 51 10 5 27 6 5 0.9
986 51 10 5 35 7 10 1.18
987 51 10 5 39 8 7 0.9
988 50 10 16 64 13 16 0.93
989 50 10 16 71 14 9 0.93
990 50 10 16 73 15 14 0.9
991 50 10 16 78 16 14 1.11
992 50 10 16 3 1 3 0.94
993 50 10 16 10 2 5 1.15
994 50 10 16 14 3 4 1.12
995 50 10 16 17 4 1 1.1
996 50 10 16 25 5 11 1.19
997 50 10 16 27 6 5 1.1
998 50 10 16 35 7 10 1.18
999 50 10 16 41 8 4 0.94
1000 56 11 6 64 13 16 0.93
1001 56 11 6 69 14 16 0.91
1002 56 11 6 76 15 9 0.9
1003 56 11 6 79 16 15 0.92
1004 56 11 6 5 1 7 0.93
1005 56 11 6 10 2 5 0.94
1006 56 11 6 14 3 4 1.11
1007 56 11 6 18 4 2 1.12
1008 56 11 6 24 5 8 1.16
1009 56 11 6 27 6 5 1.18
1010 56 11 6 34 7 8 0.94
1011 56 11 6 38 8 6 0.91
1012 55 11 14 66 13 11 0.93
1013 55 11 14 70 14 17 1.1
1014 55 11 14 73 15 14 0.92
1015 55 11 14 78 16 14 0.94
1016 55 11 14 3 1 3 0.91
1017 55 11 14 9 2 4 1.1
1018 55 11 14 13 3 2 1.17
1019 55 11 14 20 4 7 1.1
1020 55 11 14 26 5 4 1.1
1021 55 11 14 28 6 7 1.17
1022 55 11 14 35 7 10 1.17
1023 55 11 14 41 8 4 1.19
1024 61 12 6 63 13 15 0.9
1025 61 12 6 71 14 9 0.92
1026 61 12 6 76 15 9 0.94
1027 61 12 6 77 16 13 0.93
1028 61 12 6 4 1 4 0.9
1029 61 12 6 8 2 3 1.12
1030 61 12 6 14 3 4 0.91
1031 61 12 6 20 4 7 0.9
1032 61 12 6 22 5 6 0.93
1033 61 12 6 27 6 5 0.9
1034 61 12 6 36 7 3 1.13
1035 61 12 6 40 8 12 0.9
1036 60 12 13 66 13 11 1.16
1037 60 12 13 67 14 13 1.14
1038 60 12 13 73 15 14 1.1
1039 60 12 13 79 16 15 1.12
1040 60 12 13 6 1 0 1.15
1041 60 12 13 11 2 0 0.91
1042 60 12 13 13 3 2 1.18
1043 60 12 13 18 4 2 0.92
1044 60 12 13 25 5 11 1.12
1045 60 12 13 29 6 8 1.11
1046 60 12 13 36 7 3 0.94
1047 60 12 13 39 8 7 1.15
1048 66 13 11 2 1 2 0.94
1049 66 13 11 10 2 5 1.19
1050 66 13 11 14 3 4 0.92
1051 66 13 11 21 4 0 0.94
1052 66 13 11 23 5 7 1.16
1053 66 13 11 28 6 7 0.93
1054 66 13 11 36 7 3 0.92
1055 66 13 11 39 8 7 1.19
1056 66 13 11 44 9 12 0.94
1057 66 13 11 49 10 12 1.17
1058 66 13 11 53 11 10 1.19
1059 66 13 11 59 12 11 0.92
1060 65 13 17 2 1 2 0.91
1061 65 13 17 8 2 3 1.12
1062 65 13 17 13 3 2 1.15
1063 65 13 17 20 4 7 0.9
1064 65 13 17 26 5 4 0.9
1065 65 13 17 30 6 10 0.93
1066 65 13 17 34 7 8 0.91
1067 65 13 17 39 8 7 0.91
1068 65 13 17 46 9 5 1.18
1069 65 13 17 50 10 16 1.17
1070 65 13 17 52 11 9 0.93
1071 65 13 17 61 12 6 1.19
1072 71 14 9 4 1 4 0.94
1073 71 14 9 9 2 4 0.92
1074 71 14 9 15 3 7 0.91
1075 71 14 9 21 4 0 0.9
1076 71 14 9 24 5 8 0.91
1077 71 14 9 31 6 2 0.94
1078 71 14 9 36 7 3 0.93
1079 71 14 9 38 8 6 0.92
1080 71 14 9 44 9 12 1.11
1081 71 14 9 49 10 12 0.92
1082 71 14 9 56 11 6 1.15
1083 71 14 9 61 12 6 0.93
1084 70 14 17 4 1 4 0.92
1085 70 14 17 7 2 1 0.92
1086 70 14 17 14 3 4 0.94
1087 70 14 17 18 4 2 1.16
1088 70 14 17 24 5 8 1.11
1089 70 14 17 27 6 5 0.94
1090 70 14 17 34 7 8 0.9
1091 70 14 17 38 8 6 0.93
1092 70 14 17 44 9 12 0.93
1093 70 14 17 47 10 9 0.94
1094 70 14 17 52 11 9 1.11
1095 70 14 17 60 12 13 1.17
1096 76 15 9 3 1 3 0.9
1097 76 15 9 10 2 5 1.11
1098 76 15 9 15 3 7 0.9
1099 76 15 9 19 4 3 0.91
1100 76 15 9 22 5 6 1.19
1101 76 15 9 28 6 7 1.16
1102 76 15 9 32 7 5 1.17
1103 76 15 9 39 8 7 1.16
1104 76 15 9 45 9 16 0.93
1105 76 15 9 47 10 9 1.18
1106 76 15 9 54 11 12 0.93
1107 76 15 9 60 12 13 0.94
1108 75 15 17 6 1 0 0.91
1109 75 15 17 8 2 3 1.15
1110 75 15 17 15 3 7 0.92
1111 75 15 17 21 4 0 0.92
1112 75 15 17 22 5 6 1.14
1113 75 15 17 28 6 7 0.94
1114 75 15 17 32 7 5 1.1
1115 75 15 17 38 8 6 1.19
1116 75 15 17 42 9 10 0.92
1117 75 15 17 51 10 5 1.19
1118 75 15 17 52 11 9 0.92
1119 75 15 17 57 12 9 1.1
1120 81 16 11 3 1 3 0.94
1121 81 16 11 8 2 3 1.19
1122 81 16 11 15 3 7 0.93
1123 81 16 11 21 4 0 0.92
1124 81 16 11 22 5 6 1.11
1125 81 16 11 27 6 5 1.11
1126 81 16 11 33 7 6 1.14
1127 81 16 11 39 8 7 1.16
1128 81 16 11 45 9 16 1.17
1129 81 16 11 48 10 11 1.12
1130 81 16 11 52 11 9 1.19
1131 81 16 11 61 12 6 0.9
1132 80 16 17 2 1 2 1.12
1133 80 16 17 10 2 5 0.91
1134 80 16 17 12 3 1 0.94
1135 80 16 17 20 4 7 0.9
1136 80 16 17 26 5 4 1.12
1137 80 16 17 30 6 10 0.94
1138 80 16 17 35 7 10 0.9
1139 80 16 17 37 8 5 0.9
1140 80 16 17 43 9 11 0.93
1141 80 16 17 49 10 12 0.91
1142 80 16 17 52 11 9 1.18
1143 80 16 17 58 12 10 1.15
