20 200 1880
0 13 3 8.82
1 7 1 5.39
2 1 7 9.0
3 0 19 9.95
4 9 18 5.92
5 14 18 5.52
6 12 17 5.28
7 13 14 5.21
8 18 15 8.02
9 4 16 7.73
10 1 3 8.13
11 3 19 5.14
12 14 12 8.7
13 9 0 6.92
14 4 12 6.35
15 12 4 5.62
16 15 4 6.84
17 5 6 8.26
18 1 6 9.07
19 17 2 9.2
20 17 8 9.38
21 14 4 7.46
22 1 13 7.58
23 16 15 9.09
24 4 17 8.14
25 18 13 9.43
26 5 0 6.85
27 3 2 5.17
28 5 18 7.57
29 1 15 9.0
30 5 8 7.91
31 4 1 7.07
32 9 19 8.13
33 3 13 6.97
34 16 17 5.45
35 1 14 5.53
36 10 4 6.6
37 6 5 6.5
38 9 5 7.04
39 5 11 5.62
40 8 10 8.12
41 9 10 7.57
42 9 6 8.01
43 6 8 5.66
44 7 12 5.99
45 8 18 5.19
46 5 12 8.94
47 1 9 6.01
48 18 4 9.08
49 15 3 6.15
50 2 15 9.87
51 15 17 5.28
52 10 15 6.56
53 9 13 9.49
54 19 6 8.36
55 15 18 5.31
56 6 11 5.06
57 9 7 7.64
58 16 12 8.42
59 9 11 9.68
60 6 13 9.29
61 18 10 5.39
62 13 4 6.44
63 15 0 7.68
64 16 0 9.51
65 7 18 5.7
66 19 18 6.53
67 19 8 5.25
68 6 1 5.59
69 16 8 5.26
70 6 19 8.03
71 6 14 7.78
72 10 5 5.43
73 5 2 7.62
74 12 7 9.29
75 7 10 5.94
76 13 11 8.15
77 14 1 6.32
78 0 16 9.06
79 18 6 8.87
80 9 17 8.08
81 13 10 7.36
82 13 5 7.1
83 2 9 6.63
84 16 11 8.98
85 16 19 7.54
86 15 9 8.51
87 8 2 9.1
88 0 1 9.4
89 6 3 7.37
90 11 4 9.1
91 2 19 5.7
92 10 6 6.82
93 15 12 8.88
94 17 3 5.63
95 7 4 7.0
96 14 9 7.55
97 16 9 8.72
98 14 19 8.94
99 16 14 8.75
100 3 7 7.4
101 17 5 5.18
102 3 6 9.42
103 17 18 7.61
104 5 4 9.82
105 13 1 7.6
106 15 8 7.35
107 1 18 7.02
108 0 13 7.99
109 6 10 8.33
110 9 1 9.84
111 18 5 9.96
112 3 12 5.99
113 10 3 8.19
114 7 17 6.9
115 10 19 6.72
116 16 7 5.99
117 14 7 9.06
118 16 5 8.16
119 16 1 6.35
120 7 9 6.75
121 16 10 8.95
122 7 15 9.31
123 10 11 7.32
124 8 6 7.97
125 3 18 5.02
126 18 1 8.49
127 5 15 5.28
128 18 2 8.23
129 4 15 9.95
130 2 6 8.54
131 1 2 6.9
132 17 4 7.17
133 7 2 5.55
134 2 11 5.03
135 8 13 8.66
136 17 19 6.93
137 6 18 6.62
138 15 7 5.61
139 14 17 9.36
140 14 10 7.05
141 14 11 8.4
142 3 17 7.25
143 2 8 5.27
144 0 18 8.55
145 11 8 9.11
146 3 5 5.54
147 18 12 6.64
148 8 9 9.77
149 10 12 9.37
150 15 11 5.74
151 17 14 7.37
152 2 14 7.75
153 10 17 7.37
154 13 19 6.54
155 19 1 6.9
156 0 10 7.12
157 19 0 6.69
158 14 6 8.58
159 8 16 5.58
160 12 11 8.13
161 2 12 6.4
162 11 17 5.79
163 0 14 9.65
164 19 15 8.41
165 11 7 8.58
166 4 2 6.55
167 4 5 7.58
168 13 9 7.93
169 8 5 9.33
170 7 16 6.72
171 6 15 7.1
172 10 9 9.06
173 11 6 8.95
174 13 15 6.86
175 11 9 8.44
176 6 16 8.35
177 12 13 7.64
178 0 5 7.24
179 12 8 7.15
180 19 9 9.47
181 6 4 8.43
182 6 12 9.01
183 19 10 9.56
184 17 15 8.77
185 18 16 5.51
186 6 7 7.4
187 9 3 6.71
188 1 0 5.8
189 4 3 8.89
190 13 0 8.94
191 10 14 8.7
192 8 17 6.25
193 8 0 9.58
194 10 2 8.19
195 11 3 6.48
196 15 5 9.58
197 14 8 6.67
198 16 13 6.3
199 7 8 8.74
0 0 13 3 35 1 14 4.59
1 0 13 3 92 10 6 5.97
2 0 13 3 150 15 11 6.37
3 0 13 3 63 15 0 9.31
4 0 13 3 3 0 19 9.73
5 0 13 3 69 16 8 6.07
6 0 13 3 155 19 1 5.24
7 0 13 3 31 4 1 7.32
8 0 13 3 135 8 13 8.37
9 1 7 1 55 15 18 5.93
10 1 7 1 5 14 18 6.44
11 1 7 1 73 5 2 6.13
12 1 7 1 131 1 2 5.78
13 1 7 1 157 19 0 5.52
14 1 7 1 71 6 14 8.86
15 1 7 1 167 4 5 7.37
16 1 7 1 138 15 7 4.38
17 1 7 1 94 17 3 5.47
18 1 7 1 25 18 13 8.79
19 2 1 7 181 6 4 6.75
20 2 1 7 93 15 12 10.42
21 2 1 7 85 16 19 6.5
22 2 1 7 110 9 1 10.02
23 2 1 7 11 3 19 6.37
24 2 1 7 171 6 15 6.81
25 2 1 7 144 0 18 10.66
26 2 1 7 54 19 6 7.46
27 2 1 7 182 6 12 7.11
28 2 1 7 98 14 19 10.0
29 3 0 19 98 14 19 8.04
30 3 0 19 141 14 11 8.73
31 3 0 19 126 18 1 10.58
32 3 0 19 137 6 18 6.74
33 4 9 18 159 8 16 4.69
34 4 9 18 115 10 19 8.27
35 4 9 18 94 17 3 5.79
36 4 9 18 84 16 11 8.98
37 4 9 18 162 11 17 5.33
38 4 9 18 64 16 0 10.5
39 5 14 18 62 13 4 7.35
40 5 14 18 170 7 16 5.23
41 5 14 18 44 7 12 6.62
42 5 14 18 187 9 3 6.8
43 5 14 18 169 8 5 8.85
44 5 14 18 111 18 5 11.54
45 5 14 18 23 16 15 8.6
46 5 14 18 105 13 1 8.19
47 5 14 18 60 6 13 7.27
48 5 14 18 17 5 6 6.25
49 5 14 18 154 13 19 5.78
50 5 14 18 70 6 19 8.3
51 5 14 18 114 7 17 7.78
52 5 14 18 134 2 11 4.35
53 5 14 18 191 10 14 10.7
54 6 12 17 53 9 13 10.79
55 6 12 17 191 10 14 8.47
56 6 12 17 173 11 6 8.9
57 6 12 17 144 0 18 7.45
58 6 12 17 45 8 18 6.48
59 6 12 17 13 9 0 7.96
60 6 12 17 132 17 4 7.96
61 6 12 17 181 6 4 10.46
62 6 12 17 14 4 12 7.05
63 6 12 17 120 7 9 7.87
64 6 12 17 166 4 2 5.93
65 6 12 17 51 15 17 4.46
66 6 12 17 188 1 0 5.58
67 6 12 17 95 7 4 8.48
68 6 12 17 68 6 1 6.08
69 6 12 17 184 17 15 9.19
70 6 12 17 123 10 11 5.68
71 6 12 17 172 10 9 11.26
72 6 12 17 98 14 19 6.83
73 7 13 14 161 2 12 7.14
74 7 13 14 119 16 1 6.73
75 7 13 14 45 8 18 5.0
76 7 13 14 136 17 19 6.44
77 7 13 14 77 14 1 6.1
78 7 13 14 73 5 2 6.6
79 7 13 14 59 9 11 8.91
80 7 13 14 11 3 19 5.75
81 7 13 14 194 10 2 6.15
82 7 13 14 123 10 11 7.81
83 7 13 14 110 9 1 10.13
84 7 13 14 147 18 12 5.87
85 7 13 14 28 5 18 7.25
86 7 13 14 118 16 5 8.17
87 7 13 14 165 11 7 9.32
88 7 13 14 129 4 15 11.48
89 7 13 14 166 4 2 7.91
90 8 18 15 56 6 11 5.5
91 8 18 15 197 14 8 7.27
92 8 18 15 83 2 9 7.42
93 9 4 16 70 6 19 7.0
94 9 4 16 102 3 6 11.21
95 9 4 16 73 5 2 9.08
96 9 4 16 141 14 11 6.92
97 9 4 16 0 13 3 10.32
98 9 4 16 98 14 19 8.48
99 9 4 16 105 13 1 6.17
100 9 4 16 25 18 13 9.2
101 9 4 16 139 14 17 9.31
102 9 4 16 173 11 6 10.38
103 10 1 3 49 15 3 4.75
104 10 1 3 0 13 3 9.44
105 11 3 19 29 1 15 9.59
106 11 3 19 78 0 16 9.02
107 11 3 19 103 17 18 8.26
108 11 3 19 16 15 4 6.81
109 11 3 19 119 16 1 6.47
110 11 3 19 143 2 8 6.12
111 11 3 19 18 1 6 10.56
112 11 3 19 108 0 13 9.7
113 11 3 19 89 6 3 8.83
114 11 3 19 1 7 1 5.16
115 11 3 19 42 9 6 7.35
116 11 3 19 12 14 12 8.96
117 11 3 19 107 1 18 7.04
118 11 3 19 102 3 6 9.98
119 11 3 19 180 19 9 9.72
120 11 3 19 70 6 19 8.07
121 11 3 19 52 10 15 6.48
122 12 14 12 86 15 9 9.45
123 13 9 0 124 8 6 7.18
124 13 9 0 137 6 18 8.25
125 14 4 12 73 5 2 7.95
126 14 4 12 164 19 15 6.47
127 14 4 12 42 9 6 8.54
128 14 4 12 21 14 4 6.23
129 14 4 12 19 17 2 7.19
130 14 4 12 122 7 15 8.21
131 14 4 12 118 16 5 9.13
132 14 4 12 96 14 9 6.39
133 14 4 12 23 16 15 8.06
134 14 4 12 160 12 11 9.39
135 14 4 12 28 5 18 7.29
136 14 4 12 38 9 5 6.15
137 14 4 12 78 0 16 11.0
138 15 12 4 70 6 19 8.22
139 15 12 4 128 18 2 8.03
140 16 15 4 46 5 12 10.14
141 16 15 4 96 14 9 8.69
142 16 15 4 161 2 12 6.57
143 16 15 4 157 19 0 7.89
144 16 15 4 160 12 11 7.08
145 16 15 4 131 1 2 8.1
146 16 15 4 175 11 9 10.15
147 16 15 4 20 17 8 10.31
148 16 15 4 140 14 10 8.26
149 16 15 4 105 13 1 9.08
150 16 15 4 138 15 7 6.78
151 16 15 4 50 2 15 9.97
152 16 15 4 110 9 1 10.91
153 16 15 4 4 9 18 7.07
154 16 15 4 92 10 6 8.26
155 16 15 4 181 6 4 9.45
156 16 15 4 80 9 17 9.38
157 16 15 4 69 16 8 5.55
158 17 5 6 8 18 15 8.45
159 17 5 6 79 18 6 7.33
160 17 5 6 182 6 12 9.86
161 17 5 6 171 6 15 5.41
162 17 5 6 66 19 18 7.8
163 17 5 6 14 4 12 7.28
164 17 5 6 90 11 4 10.87
165 17 5 6 131 1 2 7.32
166 17 5 6 139 14 17 8.84
167 17 5 6 35 1 14 4.58
168 17 5 6 128 18 2 8.37
169 17 5 6 175 11 9 9.23
170 17 5 6 61 18 10 5.52
171 17 5 6 170 7 16 6.83
172 17 5 6 64 16 0 10.74
173 17 5 6 110 9 1 7.71
174 17 5 6 27 3 2 4.19
175 18 1 6 159 8 16 5.38
176 18 1 6 138 15 7 6.32
177 18 1 6 39 5 11 6.23
178 18 1 6 5 14 18 6.79
179 18 1 6 165 11 7 6.86
180 19 17 2 32 9 19 6.85
181 19 17 2 121 16 10 8.32
182 19 17 2 24 4 17 7.12
183 19 17 2 139 14 17 9.34
184 19 17 2 28 5 18 6.0
185 19 17 2 93 15 12 7.25
186 19 17 2 79 18 6 10.79
187 19 17 2 57 9 7 9.15
188 19 17 2 132 17 4 8.03
189 19 17 2 107 1 18 7.24
190 19 17 2 52 10 15 6.79
191 19 17 2 6 12 17 6.36
192 19 17 2 130 2 6 9.0
193 20 17 8 32 9 19 7.02
194 20 17 8 167 4 5 9.39
195 20 17 8 102 3 6 9.83
196 20 17 8 143 2 8 4.67
197 20 17 8 152 2 14 8.86
198 20 17 8 196 15 5 7.64
199 20 17 8 29 1 15 9.63
200 20 17 8 60 6 13 7.3
201 20 17 8 146 3 5 5.36
202 20 17 8 142 3 17 6.21
203 20 17 8 3 0 19 9.62
204 20 17 8 18 1 6 7.01
205 20 17 8 63 15 0 7.11
206 20 17 8 176 6 16 7.56
207 20 17 8 58 16 12 8.79
208 20 17 8 44 7 12 5.35
209 21 14 4 32 9 19 8.06
210 21 14 4 67 19 8 5.8
211 21 14 4 56 6 11 5.44
212 21 14 4 15 12 4 5.03
213 21 14 4 31 4 1 6.13
214 21 14 4 196 15 5 9.33
215 21 14 4 116 16 7 4.65
216 21 14 4 119 16 1 5.78
217 21 14 4 34 16 17 5.91
218 21 14 4 55 15 18 5.96
219 22 1 13 72 10 5 5.85
220 22 1 13 186 6 7 7.62
221 22 1 13 80 9 17 6.71
222 22 1 13 161 2 12 5.47
223 22 1 13 21 14 4 7.09
224 22 1 13 117 14 7 10.32
225 22 1 13 181 6 4 6.39
226 22 1 13 166 4 2 7.74
227 22 1 13 131 1 2 6.45
228 22 1 13 61 18 10 4.31
229 22 1 13 199 7 8 7.79
230 22 1 13 167 4 5 6.75
231 23 16 15 54 19 6 8.35
232 23 16 15 195 11 3 6.33
233 23 16 15 38 9 5 7.84
234 23 16 15 157 19 0 6.38
235 23 16 15 141 14 11 6.32
236 23 16 15 189 4 3 7.59
237 23 16 15 145 11 8 9.71
238 23 16 15 162 11 17 5.47
239 23 16 15 160 12 11 6.62
240 23 16 15 52 10 15 5.04
241 23 16 15 71 6 14 6.49
242 23 16 15 132 17 4 7.67
243 24 4 17 65 7 18 6.98
244 24 4 17 192 8 17 5.51
245 24 4 17 99 16 14 7.29
246 24 4 17 104 5 4 8.57
247 24 4 17 76 13 11 7.69
248 24 4 17 116 16 7 5.93
249 24 4 17 147 18 12 5.54
250 24 4 17 69 16 8 5.72
251 24 4 17 128 18 2 9.18
252 24 4 17 135 8 13 10.44
253 24 4 17 90 11 4 9.61
254 24 4 17 172 10 9 9.42
255 24 4 17 193 8 0 10.13
256 25 18 13 154 13 19 6.32
257 25 18 13 66 19 18 5.39
258 25 18 13 29 1 15 9.23
259 26 5 0 173 11 6 8.5
260 27 3 2 138 15 7 6.16
261 27 3 2 9 4 16 7.39
262 28 5 18 16 15 4 6.27
263 28 5 18 71 6 14 9.64
264 28 5 18 37 6 5 5.68
265 29 1 15 157 19 0 7.9
266 29 1 15 125 3 18 5.37
267 29 1 15 103 17 18 8.2
268 29 1 15 52 10 15 7.95
269 29 1 15 26 5 0 5.84
270 29 1 15 171 6 15 5.45
271 29 1 15 166 4 2 7.5
272 29 1 15 101 17 5 4.28
273 29 1 15 102 3 6 11.54
274 29 1 15 39 5 11 5.02
275 29 1 15 48 18 4 7.73
276 29 1 15 3 0 19 11.75
277 29 1 15 7 13 14 6.44
278 29 1 15 140 14 10 7.37
279 29 1 15 76 13 11 6.12
280 29 1 15 4 9 18 5.15
281 29 1 15 133 7 2 6.6
282 29 1 15 130 2 6 10.12
283 31 4 1 99 16 14 8.46
284 31 4 1 57 9 7 8.7
285 31 4 1 171 6 15 7.74
286 31 4 1 56 6 11 4.07
287 31 4 1 77 14 1 6.11
288 31 4 1 95 7 4 7.61
289 31 4 1 192 8 17 5.54
290 31 4 1 112 3 12 5.9
291 31 4 1 4 9 18 5.62
292 31 4 1 50 2 15 10.24
293 31 4 1 32 9 19 7.32
294 32 9 19 132 17 4 5.69
295 32 9 19 98 14 19 10.72
296 32 9 19 6 12 17 4.09
297 32 9 19 47 1 9 5.32
298 32 9 19 94 17 3 4.56
299 32 9 19 106 15 8 8.82
300 32 9 19 114 7 17 7.94
301 32 9 19 82 13 5 5.94
302 32 9 19 55 15 18 5.09
303 32 9 19 1 7 1 6.35
304 32 9 19 120 7 9 7.14
305 32 9 19 31 4 1 7.04
306 32 9 19 59 9 11 11.54
307 32 9 19 30 5 8 6.96
308 32 9 19 9 4 16 8.14
309 33 3 13 124 8 6 9.75
310 33 3 13 131 1 2 7.96
311 33 3 13 133 7 2 5.72
312 33 3 13 176 6 16 8.64
313 33 3 13 139 14 17 10.94
314 33 3 13 102 3 6 9.16
315 33 3 13 103 17 18 5.84
316 33 3 13 68 6 1 6.69
317 33 3 13 17 5 6 6.9
318 34 16 17 162 11 17 6.42
319 34 16 17 3 0 19 11.51
320 34 16 17 63 15 0 8.03
321 34 16 17 191 10 14 8.64
322 34 16 17 27 3 2 4.99
323 34 16 17 135 8 13 10.11
324 34 16 17 49 15 3 5.9
325 34 16 17 79 18 6 8.56
326 34 16 17 66 19 18 7.0
327 34 16 17 17 5 6 7.53
328 34 16 17 40 8 10 9.13
329 34 16 17 103 17 18 8.63
330 34 16 17 36 10 4 5.43
331 34 16 17 28 5 18 9.08
332 34 16 17 147 18 12 7.03
333 34 16 17 98 14 19 7.61
334 34 16 17 148 8 9 9.17
335 34 16 17 138 15 7 5.8
336 35 1 14 178 0 5 7.48
337 35 1 14 156 0 10 7.67
338 35 1 14 148 8 9 11.8
339 35 1 14 25 18 13 7.48
340 35 1 14 197 14 8 8.0
341 35 1 14 52 10 15 6.12
342 35 1 14 60 6 13 6.97
343 35 1 14 176 6 16 9.79
344 35 1 14 154 13 19 5.23
345 35 1 14 121 16 10 11.06
346 35 1 14 195 11 3 6.22
347 35 1 14 38 9 5 7.06
348 36 10 4 12 14 12 9.23
349 36 10 4 20 17 8 8.21
350 36 10 4 9 4 16 7.24
351 36 10 4 181 6 4 9.39
352 36 10 4 111 18 5 11.34
353 36 10 4 100 3 7 5.7
354 36 10 4 57 9 7 8.29
355 36 10 4 151 17 14 7.52
356 36 10 4 26 5 0 6.45
357 36 10 4 152 2 14 8.54
358 37 6 5 44 7 12 5.38
359 37 6 5 122 7 15 10.11
360 38 9 5 137 6 18 6.76
361 38 9 5 58 16 12 8.35
362 38 9 5 178 0 5 7.36
363 38 9 5 114 7 17 6.48
364 38 9 5 21 14 4 7.49
365 38 9 5 40 8 10 8.68
366 38 9 5 2 1 7 10.88
367 38 9 5 167 4 5 9.38
368 38 9 5 17 5 6 8.91
369 38 9 5 166 4 2 5.91
370 38 9 5 163 0 14 8.64
371 38 9 5 126 18 1 10.35
372 38 9 5 56 6 11 4.37
373 38 9 5 84 16 11 8.32
374 39 5 11 9 4 16 7.73
375 39 5 11 51 15 17 5.55
376 40 8 10 35 1 14 4.98
377 40 8 10 64 16 0 8.38
378 40 8 10 156 0 10 8.62
379 40 8 10 41 9 10 9.44
380 40 8 10 188 1 0 4.63
381 40 8 10 192 8 17 6.7
382 40 8 10 178 0 5 7.48
383 40 8 10 166 4 2 6.44
384 40 8 10 137 6 18 6.3
385 40 8 10 123 10 11 7.26
386 40 8 10 84 16 11 8.55
387 40 8 10 73 5 2 7.72
388 40 8 10 190 13 0 7.83
389 40 8 10 28 5 18 6.83
390 40 8 10 9 4 16 7.31
391 40 8 10 135 8 13 7.55
392 40 8 10 7 13 14 6.46
393 40 8 10 29 1 15 8.7
394 41 9 10 78 0 16 7.27
395 41 9 10 39 5 11 6.23
396 41 9 10 50 2 15 7.73
397 41 9 10 98 14 19 9.42
398 41 9 10 114 7 17 6.04
399 41 9 10 93 15 12 8.14
400 41 9 10 45 8 18 5.45
401 41 9 10 108 0 13 7.25
402 41 9 10 188 1 0 5.87
403 41 9 10 180 19 9 9.36
404 41 9 10 104 5 4 12.23
405 41 9 10 116 16 7 5.4
406 41 9 10 6 12 17 5.74
407 41 9 10 173 11 6 7.69
408 41 9 10 139 14 17 8.02
409 42 9 6 117 14 7 8.83
410 42 9 6 179 12 8 7.7
411 42 9 6 156 0 10 5.46
412 42 9 6 197 14 8 5.29
413 42 9 6 76 13 11 7.91
414 42 9 6 112 3 12 7.31
415 42 9 6 114 7 17 7.54
416 42 9 6 90 11 4 9.96
417 42 9 6 137 6 18 4.98
418 42 9 6 126 18 1 7.34
419 42 9 6 188 1 0 6.22
420 43 6 8 156 0 10 5.47
421 43 6 8 107 1 18 8.5
422 43 6 8 20 17 8 11.03
423 43 6 8 91 2 19 5.69
424 43 6 8 104 5 4 12.15
425 43 6 8 97 16 9 9.96
426 44 7 12 197 14 8 8.31
427 44 7 12 111 18 5 11.18
428 44 7 12 23 16 15 9.13
429 44 7 12 13 9 0 5.91
430 44 7 12 161 2 12 7.76
431 44 7 12 92 10 6 8.31
432 44 7 12 75 7 10 5.47
433 44 7 12 178 0 5 7.8
434 44 7 12 102 3 6 8.77
435 44 7 12 165 11 7 8.58
436 44 7 12 185 18 16 6.37
437 44 7 12 88 0 1 9.03
438 44 7 12 170 7 16 6.07
439 44 7 12 4 9 18 5.19
440 44 7 12 7 13 14 6.08
441 44 7 12 187 9 3 8.37
442 45 8 18 68 6 1 6.08
443 45 8 18 29 1 15 8.46
444 45 8 18 20 17 8 11.16
445 45 8 18 8 18 15 8.35
446 45 8 18 26 5 0 7.99
447 45 8 18 37 6 5 5.7
448 45 8 18 179 12 8 7.01
449 45 8 18 174 13 15 7.79
450 46 5 12 102 3 6 7.6
451 46 5 12 179 12 8 7.48
452 46 5 12 94 17 3 5.91
453 46 5 12 53 9 13 7.35
454 46 5 12 39 5 11 6.94
455 48 18 4 53 9 13 9.15
456 48 18 4 146 3 5 4.4
457 48 18 4 18 1 6 9.77
458 48 18 4 84 16 11 9.08
459 50 2 15 100 3 7 7.8
460 50 2 15 97 16 9 9.3
461 50 2 15 23 16 15 8.81
462 50 2 15 172 10 9 9.53
463 50 2 15 54 19 6 9.25
464 50 2 15 65 7 18 5.73
465 50 2 15 80 9 17 8.01
466 50 2 15 79 18 6 10.01
467 50 2 15 145 11 8 9.02
468 50 2 15 70 6 19 8.81
469 50 2 15 151 17 14 5.57
470 50 2 15 2 1 7 7.53
471 51 15 17 163 0 14 11.08
472 51 15 17 26 5 0 8.35
473 51 15 17 55 15 18 4.12
474 51 15 17 40 8 10 8.6
475 51 15 17 191 10 14 8.52
476 51 15 17 37 6 5 5.45
477 51 15 17 53 9 13 8.52
478 51 15 17 7 13 14 5.63
479 51 15 17 143 2 8 4.31
480 51 15 17 86 15 9 6.77
481 51 15 17 131 1 2 7.73
482 51 15 17 97 16 9 9.0
483 51 15 17 33 3 13 7.93
484 51 15 17 78 0 16 10.54
485 51 15 17 158 14 6 9.04
486 51 15 17 25 18 13 10.97
487 51 15 17 16 15 4 6.14
488 51 15 17 87 8 2 9.28
489 51 15 17 135 8 13 10.3
490 52 10 15 46 5 12 10.9
491 53 9 13 186 6 7 6.9
492 53 9 13 44 7 12 5.11
493 53 9 13 156 0 10 8.43
494 53 9 13 178 0 5 8.12
495 53 9 13 170 7 16 8.19
496 53 9 13 189 4 3 10.5
497 53 9 13 174 13 15 6.69
498 53 9 13 86 15 9 10.21
499 53 9 13 28 5 18 6.74
500 53 9 13 190 13 0 9.42
501 53 9 13 79 18 6 8.18
502 54 19 6 173 11 6 10.06
503 54 19 6 182 6 12 10.16
504 54 19 6 24 4 17 7.39
505 54 19 6 2 1 7 10.72
506 54 19 6 84 16 11 6.79
507 54 19 6 73 5 2 5.9
508 54 19 6 35 1 14 4.8
509 54 19 6 48 18 4 11.1
510 54 19 6 166 4 2 6.56
511 54 19 6 112 3 12 5.27
512 54 19 6 120 7 9 7.38
513 54 19 6 157 19 0 5.2
514 54 19 6 18 1 6 10.04
515 54 19 6 189 4 3 10.9
516 54 19 6 56 6 11 5.23
517 54 19 6 190 13 0 10.55
518 55 15 18 5 14 18 6.58
519 55 15 18 87 8 2 8.64
520 55 15 18 138 15 7 5.05
521 55 15 18 151 17 14 5.99
522 55 15 18 26 5 0 6.71
523 55 15 18 79 18 6 8.55
524 55 15 18 153 10 17 7.05
525 56 6 11 68 6 1 6.29
526 56 6 11 54 19 6 8.19
527 57 9 7 143 2 8 4.71
528 57 9 7 88 0 1 9.22
529 57 9 7 45 8 18 6.35
530 57 9 7 82 13 5 8.48
531 57 9 7 197 14 8 5.24
532 57 9 7 169 8 5 10.93
533 58 16 12 118 16 5 7.38
534 58 16 12 18 1 6 10.55
535 58 16 12 174 13 15 8.52
536 58 16 12 160 12 11 8.75
537 58 16 12 171 6 15 6.27
538 58 16 12 190 13 0 10.63
539 58 16 12 148 8 9 8.35
540 58 16 12 189 4 3 9.07
541 58 16 12 131 1 2 8.01
542 58 16 12 103 17 18 7.8
543 58 16 12 137 6 18 8.01
544 58 16 12 40 8 10 6.29
545 58 16 12 126 18 1 7.05
546 59 9 11 103 17 18 8.27
547 59 9 11 98 14 19 9.93
548 59 9 11 86 15 9 8.62
549 59 9 11 67 19 8 5.95
550 59 9 11 118 16 5 7.45
551 59 9 11 167 4 5 7.67
552 59 9 11 176 6 16 9.58
553 59 9 11 7 13 14 3.98
554 59 9 11 45 8 18 4.75
555 59 9 11 139 14 17 11.62
556 59 9 11 135 8 13 6.9
557 59 9 11 44 7 12 5.68
558 59 9 11 33 3 13 8.42
559 59 9 11 46 5 12 8.89
560 59 9 11 107 1 18 5.37
561 59 9 11 95 7 4 7.87
562 60 6 13 171 6 15 8.4
563 60 6 13 74 12 7 8.23
564 60 6 13 197 14 8 6.6
565 60 6 13 69 16 8 4.73
566 60 6 13 139 14 17 11.19
567 60 6 13 84 16 11 9.75
568 60 6 13 44 7 12 4.89
569 60 6 13 123 10 11 7.33
570 61 18 10 2 1 7 11.15
571 61 18 10 53 9 13 11.12
572 61 18 10 96 14 9 5.97
573 61 18 10 52 10 15 7.29
574 61 18 10 132 17 4 8.23
575 61 18 10 117 14 7 9.79
576 61 18 10 102 3 6 11.39
577 61 18 10 47 1 9 5.64
578 62 13 4 31 4 1 5.84
579 62 13 4 89 6 3 8.47
580 62 13 4 11 3 19 6.04
581 62 13 4 59 9 11 11.1
582 62 13 4 54 19 6 6.33
583 62 13 4 9 4 16 8.7
584 62 13 4 102 3 6 9.31
585 62 13 4 106 15 8 6.4
586 62 13 4 166 4 2 5.15
587 62 13 4 33 3 13 6.98
588 62 13 4 61 18 10 4.31
589 62 13 4 155 19 1 6.16
590 62 13 4 72 10 5 6.61
591 62 13 4 76 13 11 7.14
592 62 13 4 88 0 1 7.42
593 62 13 4 40 8 10 9.19
594 62 13 4 85 16 19 6.76
595 62 13 4 21 14 4 6.19
596 62 13 4 147 18 12 5.6
597 63 15 0 189 4 3 6.88
598 63 15 0 141 14 11 9.32
599 63 15 0 116 16 7 6.36
600 63 15 0 9 4 16 8.48
601 63 15 0 3 0 19 9.63
602 63 15 0 165 11 7 9.95
603 63 15 0 70 6 19 6.13
604 63 15 0 25 18 13 11.22
605 63 15 0 124 8 6 7.13
606 64 16 0 199 7 8 9.83
607 64 16 0 18 1 6 10.98
608 64 16 0 21 14 4 6.83
609 65 7 18 167 4 5 6.06
610 65 7 18 186 6 7 5.86
611 65 7 18 67 19 8 4.32
612 65 7 18 198 16 13 7.49
613 65 7 18 162 11 17 5.46
614 65 7 18 137 6 18 7.57
615 65 7 18 178 0 5 7.16
616 65 7 18 144 0 18 10.11
617 65 7 18 32 9 19 8.96
618 65 7 18 128 18 2 7.46
619 65 7 18 121 16 10 8.11
620 65 7 18 27 3 2 5.42
621 66 19 18 128 18 2 10.15
622 66 19 18 107 1 18 7.21
623 66 19 18 108 0 13 8.51
624 66 19 18 161 2 12 4.9
625 66 19 18 34 16 17 5.45
626 66 19 18 57 9 7 9.35
627 66 19 18 89 6 3 7.79
628 66 19 18 2 1 7 7.13
629 66 19 18 136 17 19 6.32
630 66 19 18 176 6 16 6.84
631 66 19 18 14 4 12 7.13
632 66 19 18 193 8 0 8.45
633 66 19 18 64 16 0 11.75
634 66 19 18 71 6 14 5.86
635 66 19 18 58 16 12 7.47
636 67 19 8 134 2 11 5.05
637 67 19 8 106 15 8 8.25
638 67 19 8 94 17 3 6.46
639 67 19 8 131 1 2 6.47
640 67 19 8 2 1 7 8.66
641 67 19 8 47 1 9 5.43
642 67 19 8 104 5 4 10.51
643 67 19 8 25 18 13 7.7
644 67 19 8 130 2 6 8.06
645 67 19 8 137 6 18 7.35
646 67 19 8 199 7 8 10.55
647 68 6 1 115 10 19 6.45
648 69 16 8 154 13 19 7.14
649 69 16 8 126 18 1 8.32
650 69 16 8 103 17 18 6.94
651 69 16 8 130 2 6 6.72
652 69 16 8 138 15 7 4.43
653 69 16 8 90 11 4 10.53
654 69 16 8 14 4 12 5.11
655 69 16 8 71 6 14 6.99
656 71 6 14 45 8 18 6.12
657 71 6 14 4 9 18 4.5
658 71 6 14 145 11 8 10.08
659 71 6 14 66 19 18 7.14
660 71 6 14 177 12 13 5.82
661 71 6 14 192 8 17 5.41
662 71 6 14 7 13 14 6.47
663 71 6 14 33 3 13 7.47
664 71 6 14 100 3 7 7.57
665 71 6 14 105 13 1 9.0
666 71 6 14 179 12 8 8.09
667 71 6 14 80 9 17 6.97
668 71 6 14 60 6 13 10.86
669 71 6 14 54 19 6 9.94
670 71 6 14 108 0 13 6.79
671 71 6 14 113 10 3 7.55
672 71 6 14 35 1 14 6.72
673 71 6 14 97 16 9 10.14
674 72 10 5 160 12 11 7.59
675 72 10 5 150 15 11 6.73
676 72 10 5 100 3 7 8.11
677 72 10 5 109 6 10 6.56
678 72 10 5 146 3 5 4.84
679 72 10 5 62 13 4 7.55
680 72 10 5 173 11 6 7.45
681 72 10 5 142 3 17 6.8
682 72 10 5 147 18 12 6.53
683 72 10 5 184 17 15 9.34
684 72 10 5 50 2 15 11.36
685 72 10 5 145 11 8 10.38
686 73 5 2 52 10 15 5.78
687 74 12 7 115 10 19 5.15
688 74 12 7 79 18 6 9.01
689 74 12 7 164 19 15 8.24
690 74 12 7 195 11 3 5.25
691 74 12 7 129 4 15 7.75
692 74 12 7 88 0 1 9.82
693 74 12 7 99 16 14 6.79
694 74 12 7 156 0 10 6.36
695 74 12 7 89 6 3 8.73
696 74 12 7 183 19 10 9.45
697 74 12 7 137 6 18 5.53
698 74 12 7 59 9 11 7.45
699 74 12 7 83 2 9 6.63
700 74 12 7 146 3 5 5.9
701 74 12 7 107 1 18 8.57
702 74 12 7 84 16 11 10.08
703 74 12 7 138 15 7 6.57
704 75 7 10 9 4 16 6.51
705 75 7 10 118 16 5 8.51
706 75 7 10 149 10 12 7.51
707 75 7 10 97 16 9 10.59
708 75 7 10 154 13 19 6.39
709 75 7 10 159 8 16 5.39
710 75 7 10 78 0 16 6.86
711 75 7 10 66 19 18 8.01
712 75 7 10 135 8 13 10.27
713 75 7 10 151 17 14 6.47
714 75 7 10 177 12 13 8.88
715 75 7 10 115 10 19 8.12
716 75 7 10 144 0 18 7.73
717 75 7 10 134 2 11 5.55
718 75 7 10 121 16 10 10.31
719 76 13 11 139 14 17 10.81
720 76 13 11 112 3 12 6.08
721 76 13 11 99 16 14 10.05
722 76 13 11 120 7 9 6.38
723 76 13 11 31 4 1 7.95
724 76 13 11 115 10 19 6.86
725 76 13 11 151 17 14 8.72
726 76 13 11 175 11 9 9.84
727 76 13 11 137 6 18 4.98
728 76 13 11 110 9 1 11.92
729 76 13 11 183 19 10 11.27
730 76 13 11 57 9 7 6.61
731 76 13 11 169 8 5 7.07
732 76 13 11 109 6 10 7.68
733 76 13 11 74 12 7 11.02
734 76 13 11 88 0 1 7.8
735 78 0 16 185 18 16 6.15
736 78 0 16 27 3 2 4.44
737 78 0 16 71 6 14 6.82
738 78 0 16 169 8 5 10.8
739 78 0 16 19 17 2 9.51
740 78 0 16 98 14 19 10.05
741 78 0 16 121 16 10 7.77
742 78 0 16 32 9 19 6.39
743 78 0 16 153 10 17 8.74
744 78 0 16 189 4 3 6.82
745 78 0 16 172 10 9 9.54
746 78 0 16 151 17 14 5.94
747 78 0 16 5 14 18 5.77
748 78 0 16 99 16 14 10.49
749 78 0 16 127 5 15 5.14
750 78 0 16 20 17 8 10.04
751 78 0 16 120 7 9 6.84
752 78 0 16 182 6 12 10.24
753 79 18 6 154 13 19 7.14
754 79 18 6 185 18 16 4.17
755 79 18 6 130 2 6 8.76
756 79 18 6 133 7 2 6.72
757 79 18 6 188 1 0 5.56
758 80 9 17 142 3 17 6.02
759 80 9 17 31 4 1 7.6
760 80 9 17 60 6 13 9.15
761 80 9 17 189 4 3 7.1
762 80 9 17 86 15 9 9.75
763 80 9 17 153 10 17 8.57
764 81 13 10 106 15 8 9.13
765 81 13 10 132 17 4 7.47
766 81 13 10 71 6 14 8.7
767 81 13 10 110 9 1 12.17
768 81 13 10 144 0 18 9.25
769 81 13 10 120 7 9 7.69
770 81 13 10 70 6 19 8.95
771 81 13 10 102 3 6 9.37
772 81 13 10 47 1 9 5.28
773 81 13 10 161 2 12 6.76
774 81 13 10 173 11 6 10.4
775 81 13 10 162 11 17 5.16
776 81 13 10 0 13 3 8.79
777 81 13 10 133 7 2 5.7
778 81 13 10 143 2 8 6.47
779 81 13 10 78 0 16 10.86
780 81 13 10 122 7 15 8.26
781 81 13 10 65 7 18 4.73
782 81 13 10 121 16 10 6.89
783 82 13 5 34 16 17 4.57
784 82 13 5 105 13 1 6.23
785 82 13 5 44 7 12 7.45
786 82 13 5 182 6 12 10.05
787 82 13 5 83 2 9 7.48
788 82 13 5 122 7 15 11.38
789 82 13 5 85 16 19 8.67
790 82 13 5 199 7 8 7.64
791 82 13 5 141 14 11 8.22
792 82 13 5 13 9 0 8.26
793 82 13 5 15 12 4 4.41
794 82 13 5 167 4 5 9.43
795 82 13 5 72 10 5 5.47
796 82 13 5 42 9 6 6.36
797 82 13 5 165 11 7 9.51
798 82 13 5 150 15 11 6.8
799 82 13 5 17 5 6 6.9
800 83 2 9 197 14 8 6.45
801 83 2 9 188 1 0 6.05
802 83 2 9 56 6 11 4.96
803 83 2 9 157 19 0 7.67
804 83 2 9 147 18 12 5.87
805 83 2 9 114 7 17 6.63
806 83 2 9 162 11 17 6.4
807 83 2 9 29 1 15 9.68
808 83 2 9 41 9 10 5.95
809 83 2 9 164 19 15 7.23
810 83 2 9 148 8 9 11.21
811 83 2 9 149 10 12 11.23
812 83 2 9 131 1 2 8.29
813 84 16 11 142 3 17 7.45
814 84 16 11 187 9 3 6.25
815 84 16 11 124 8 6 6.83
816 84 16 11 173 11 6 7.82
817 84 16 11 147 18 12 6.4
818 84 16 11 169 8 5 8.96
819 84 16 11 33 3 13 7.61
820 84 16 11 175 11 9 8.28
821 84 16 11 50 2 15 8.22
822 84 16 11 42 9 6 6.38
823 84 16 11 71 6 14 7.57
824 84 16 11 48 18 4 10.52
825 84 16 11 25 18 13 8.42
826 84 16 11 30 5 8 8.71
827 84 16 11 151 17 14 6.93
828 84 16 11 36 10 4 6.71
829 84 16 11 83 2 9 7.61
830 84 16 11 180 19 9 10.65
831 85 16 19 72 10 5 4.45
832 85 16 19 130 2 6 7.22
833 85 16 19 33 3 13 5.89
834 85 16 19 149 10 12 8.81
835 85 16 19 116 16 7 6.69
836 85 16 19 177 12 13 8.22
837 85 16 19 30 5 8 9.46
838 85 16 19 71 6 14 9.67
839 85 16 19 144 0 18 10.25
840 85 16 19 81 13 10 7.43
841 85 16 19 47 1 9 6.57
842 86 15 9 175 11 9 10.28
843 87 8 2 172 10 9 10.43
844 87 8 2 160 12 11 7.78
845 87 8 2 60 6 13 7.13
846 87 8 2 177 12 13 5.87
847 87 8 2 120 7 9 5.88
848 87 8 2 22 1 13 6.22
849 87 8 2 112 3 12 7.14
850 87 8 2 125 3 18 5.2
851 87 8 2 0 13 3 8.46
852 87 8 2 20 17 8 9.79
853 87 8 2 23 16 15 7.95
854 87 8 2 149 10 12 8.14
855 87 8 2 55 15 18 5.02
856 87 8 2 41 9 10 8.6
857 87 8 2 145 11 8 7.6
858 87 8 2 14 4 12 7.43
859 87 8 2 77 14 1 7.46
860 87 8 2 165 11 7 9.37
861 88 0 1 96 14 9 9.13
862 88 0 1 140 14 10 7.53
863 88 0 1 159 8 16 4.76
864 88 0 1 172 10 9 10.48
865 88 0 1 36 10 4 7.44
866 88 0 1 84 16 11 10.7
867 88 0 1 173 11 6 9.49
868 88 0 1 59 9 11 11.54
869 88 0 1 145 11 8 8.79
870 88 0 1 112 3 12 4.93
871 88 0 1 171 6 15 8.17
872 89 6 3 165 11 7 8.16
873 89 6 3 85 16 19 6.56
874 89 6 3 65 7 18 6.66
875 90 11 4 116 16 7 7.0
876 90 11 4 135 8 13 8.03
877 90 11 4 136 17 19 5.55
878 90 11 4 64 16 0 9.39
879 90 11 4 169 8 5 8.67
880 90 11 4 60 6 13 11.59
881 90 11 4 82 13 5 7.91
882 90 11 4 140 14 10 8.47
883 90 11 4 87 8 2 7.35
884 91 2 19 106 15 8 5.59
885 91 2 19 138 15 7 6.55
886 91 2 19 76 13 11 9.78
887 91 2 19 71 6 14 7.04
888 91 2 19 15 12 4 6.87
889 91 2 19 136 17 19 8.1
890 91 2 19 174 13 15 8.39
891 91 2 19 134 2 11 4.02
892 91 2 19 193 8 0 8.22
893 91 2 19 9 4 16 9.19
894 92 10 6 192 8 17 5.28
895 92 10 6 48 18 4 10.5
896 92 10 6 108 0 13 9.37
897 93 15 12 20 17 8 10.37
898 93 15 12 188 1 0 4.48
899 94 17 3 107 1 18 6.43
900 94 17 3 92 10 6 5.62
901 94 17 3 157 19 0 5.61
902 94 17 3 5 14 18 5.42
903 94 17 3 164 19 15 9.87
904 94 17 3 167 4 5 6.33
905 94 17 3 132 17 4 8.53
906 94 17 3 143 2 8 4.61
907 94 17 3 31 4 1 6.61
908 94 17 3 180 19 9 7.66
909 94 17 3 11 3 19 5.17
910 94 17 3 149 10 12 11.1
911 94 17 3 20 17 8 7.24
912 94 17 3 191 10 14 7.86
913 94 17 3 70 6 19 9.16
914 94 17 3 130 2 6 8.3
915 94 17 3 18 1 6 9.58
916 94 17 3 32 9 19 8.08
917 94 17 3 116 16 7 7.1
918 95 7 4 108 0 13 6.52
919 95 7 4 125 3 18 5.1
920 95 7 4 58 16 12 9.81
921 95 7 4 170 7 16 7.74
922 95 7 4 90 11 4 10.15
923 96 14 9 152 2 14 5.98
924 96 14 9 64 16 0 10.83
925 96 14 9 99 16 14 8.07
926 96 14 9 170 7 16 6.85
927 96 14 9 161 2 12 7.14
928 96 14 9 36 10 4 6.35
929 96 14 9 116 16 7 5.69
930 96 14 9 143 2 8 4.64
931 96 14 9 181 6 4 8.59
932 96 14 9 21 14 4 6.6
933 96 14 9 90 11 4 10.12
934 96 14 9 127 5 15 5.18
935 96 14 9 25 18 13 9.98
936 96 14 9 49 15 3 5.04
937 96 14 9 29 1 15 8.16
938 97 16 9 39 5 11 5.5
939 97 16 9 133 7 2 4.75
940 97 16 9 106 15 8 6.88
941 97 16 9 188 1 0 4.68
942 97 16 9 67 19 8 5.08
943 97 16 9 132 17 4 8.39
944 97 16 9 74 12 7 8.99
945 97 16 9 17 5 6 9.44
946 97 16 9 47 1 9 7.25
947 97 16 9 12 14 12 9.3
948 97 16 9 11 3 19 4.23
949 97 16 9 191 10 14 9.13
950 97 16 9 178 0 5 6.9
951 97 16 9 135 8 13 9.09
952 97 16 9 62 13 4 5.97
953 97 16 9 150 15 11 5.91
954 97 16 9 58 16 12 8.13
955 97 16 9 108 0 13 7.78
956 98 14 19 173 11 6 9.38
957 98 14 19 85 16 19 6.76
958 98 14 19 87 8 2 7.16
959 98 14 19 67 19 8 4.98
960 98 14 19 199 7 8 8.07
961 98 14 19 175 11 9 6.51
962 98 14 19 130 2 6 7.75
963 98 14 19 128 18 2 10.12
964 98 14 19 45 8 18 5.74
965 98 14 19 145 11 8 7.72
966 98 14 19 30 5 8 9.64
967 98 14 19 50 2 15 11.48
968 98 14 19 0 13 3 9.2
969 98 14 19 34 16 17 4.31
970 98 14 19 131 1 2 5.65
971 98 14 19 124 8 6 6.17
972 98 14 19 159 8 16 6.9
973 98 14 19 134 2 11 5.18
974 98 14 19 119 16 1 7.71
975 99 16 14 42 9 6 7.93
976 100 3 7 0 13 3 7.63
977 100 3 7 6 12 17 4.57
978 100 3 7 16 15 4 6.34
979 100 3 7 108 0 13 9.38
980 100 3 7 141 14 11 8.05
981 100 3 7 171 6 15 5.72
982 101 17 5 179 12 8 7.16
983 101 17 5 133 7 2 5.01
984 101 17 5 162 11 17 6.05
985 101 17 5 69 16 8 5.72
986 101 17 5 94 17 3 6.2
987 101 17 5 74 12 7 9.99
988 101 17 5 6 12 17 6.43
989 101 17 5 90 11 4 10.01
990 101 17 5 177 12 13 7.57
991 101 17 5 119 16 1 5.41
992 101 17 5 45 8 18 5.1
993 101 17 5 163 0 14 9.92
994 101 17 5 187 9 3 5.35
995 101 17 5 121 16 10 10.1
996 101 17 5 92 10 6 5.78
997 101 17 5 183 19 10 8.6
998 101 17 5 138 15 7 6.85
999 102 3 6 90 11 4 6.96
1000 102 3 6 106 15 8 8.52
1001 102 3 6 135 8 13 7.24
1002 102 3 6 93 15 12 7.28
1003 102 3 6 159 8 16 6.75
1004 102 3 6 34 16 17 5.55
1005 102 3 6 167 4 5 9.44
1006 102 3 6 121 16 10 10.56
1007 102 3 6 21 14 4 6.31
1008 102 3 6 129 4 15 7.47
1009 102 3 6 188 1 0 5.92
1010 102 3 6 109 6 10 9.51
1011 102 3 6 161 2 12 5.34
1012 102 3 6 38 9 5 8.58
1013 102 3 6 31 4 1 7.53
1014 102 3 6 44 7 12 5.15
1015 102 3 6 114 7 17 5.29
1016 102 3 6 170 7 16 7.73
1017 102 3 6 174 13 15 5.93
1018 103 17 18 25 18 13 11.45
1019 104 5 4 69 16 8 6.03
1020 104 5 4 142 3 17 5.5
1021 104 5 4 75 7 10 6.48
1022 104 5 4 172 10 9 8.46
1023 104 5 4 131 1 2 7.3
1024 104 5 4 193 8 0 8.09
1025 104 5 4 192 8 17 6.42
1026 104 5 4 96 14 9 5.88
1027 104 5 4 191 10 14 8.84
1028 104 5 4 122 7 15 10.43
1029 104 5 4 9 4 16 8.57
1030 104 5 4 91 2 19 6.47
1031 104 5 4 157 19 0 7.86
1032 104 5 4 189 4 3 9.15
1033 104 5 4 32 9 19 7.1
1034 104 5 4 4 9 18 4.98
1035 105 13 1 108 0 13 6.36
1036 105 13 1 197 14 8 5.21
1037 105 13 1 20 17 8 10.43
1038 105 13 1 128 18 2 10.14
1039 105 13 1 112 3 12 5.38
1040 105 13 1 17 5 6 6.35
1041 105 13 1 110 9 1 8.11
1042 105 13 1 133 7 2 4.43
1043 105 13 1 188 1 0 5.55
1044 105 13 1 92 10 6 6.67
1045 105 13 1 184 17 15 7.29
1046 105 13 1 102 3 6 10.27
1047 105 13 1 5 14 18 4.72
1048 105 13 1 51 15 17 4.27
1049 105 13 1 26 5 0 6.91
1050 105 13 1 61 18 10 5.65
1051 105 13 1 54 19 6 8.33
1052 105 13 1 28 5 18 6.61
1053 105 13 1 27 3 2 5.1
1054 106 15 8 8 18 15 6.61
1055 106 15 8 70 6 19 7.35
1056 106 15 8 180 19 9 7.59
1057 106 15 8 31 4 1 7.61
1058 106 15 8 170 7 16 6.68
1059 106 15 8 119 16 1 6.47
1060 106 15 8 172 10 9 11.11
1061 106 15 8 139 14 17 8.67
1062 106 15 8 113 10 3 10.04
1063 106 15 8 138 15 7 4.61
1064 107 1 18 125 3 18 4.46
1065 107 1 18 142 3 17 5.81
1066 107 1 18 22 1 13 6.48
1067 107 1 18 106 15 8 8.13
1068 107 1 18 186 6 7 8.25
1069 107 1 18 104 5 4 9.81
1070 107 1 18 152 2 14 6.15
1071 107 1 18 93 15 12 8.74
1072 107 1 18 195 11 3 6.79
1073 107 1 18 134 2 11 4.94
1074 107 1 18 198 16 13 5.11
1075 107 1 18 34 16 17 6.54
1076 107 1 18 65 7 18 5.81
1077 107 1 18 124 8 6 7.48
1078 107 1 18 46 5 12 9.08
1079 107 1 18 111 18 5 10.19
1080 107 1 18 86 15 9 9.35
1081 108 0 13 194 10 2 8.16
1082 108 0 13 138 15 7 5.78
1083 108 0 13 147 18 12 7.7
1084 108 0 13 96 14 9 8.56
1085 109 6 10 10 1 3 6.88
1086 109 6 10 187 9 3 8.02
1087 109 6 10 172 10 9 7.72
1088 109 6 10 124 8 6 7.88
1089 109 6 10 198 16 13 5.28
1090 109 6 10 51 15 17 6.17
1091 110 9 1 80 9 17 6.26
1092 110 9 1 144 0 18 9.24
1093 110 9 1 112 3 12 5.99
1094 110 9 1 115 10 19 8.08
1095 110 9 1 157 19 0 6.06
1096 110 9 1 91 2 19 4.96
1097 110 9 1 86 15 9 9.17
1098 110 9 1 102 3 6 9.75
1099 110 9 1 131 1 2 8.48
1100 110 9 1 143 2 8 4.05
1101 110 9 1 108 0 13 9.43
1102 110 9 1 126 18 1 7.67
1103 110 9 1 95 7 4 6.43
1104 110 9 1 145 11 8 6.84
1105 110 9 1 106 15 8 5.83
1106 110 9 1 50 2 15 10.73
1107 110 9 1 25 18 13 8.39
1108 110 9 1 133 7 2 6.16
1109 110 9 1 35 1 14 6.29
1110 111 18 5 74 12 7 10.52
1111 111 18 5 189 4 3 10.93
1112 111 18 5 149 10 12 10.87
1113 111 18 5 187 9 3 6.67
1114 111 18 5 75 7 10 4.46
1115 111 18 5 27 3 2 5.48
1116 112 3 12 86 15 9 9.47
1117 112 3 12 27 3 2 3.92
1118 112 3 12 120 7 9 5.64
1119 112 3 12 164 19 15 6.73
1120 112 3 12 182 6 12 10.74
1121 112 3 12 173 11 6 9.56
1122 112 3 12 139 14 17 7.48
1123 112 3 12 125 3 18 5.79
1124 112 3 12 54 19 6 7.29
1125 112 3 12 136 17 19 6.48
1126 112 3 12 50 2 15 8.91
1127 112 3 12 152 2 14 6.4
1128 112 3 12 195 11 3 4.86
1129 112 3 12 25 18 13 11.25
1130 112 3 12 126 18 1 7.54
1131 113 10 3 193 8 0 8.28
1132 113 10 3 95 7 4 7.09
1133 113 10 3 28 5 18 7.1
1134 113 10 3 184 17 15 9.38
1135 114 7 17 183 19 10 10.96
1136 114 7 17 5 14 18 4.32
1137 114 7 17 72 10 5 6.0
1138 114 7 17 119 16 1 5.29
1139 114 7 17 69 16 8 4.05
1140 114 7 17 43 6 8 7.05
1141 114 7 17 165 11 7 10.6
1142 114 7 17 22 1 13 7.17
1143 114 7 17 198 16 13 5.8
1144 114 7 17 16 15 4 6.23
1145 114 7 17 71 6 14 6.16
1146 114 7 17 192 8 17 5.22
1147 114 7 17 176 6 16 9.11
1148 114 7 17 82 13 5 7.21
1149 114 7 17 31 4 1 6.09
1150 114 7 17 185 18 16 5.21
1151 114 7 17 112 3 12 6.85
1152 114 7 17 56 6 11 4.41
1153 114 7 17 17 5 6 7.46
1154 115 10 19 144 0 18 9.61
1155 116 16 7 109 6 10 10.33
1156 116 16 7 186 6 7 6.2
1157 116 16 7 88 0 1 10.92
1158 116 16 7 191 10 14 7.43
1159 116 16 7 5 14 18 6.6
1160 116 16 7 153 10 17 7.19
1161 116 16 7 157 19 0 6.42
1162 116 16 7 3 0 19 11.12
1163 116 16 7 24 4 17 7.13
1164 116 16 7 190 13 0 6.89
1165 116 16 7 27 3 2 4.24
1166 117 14 7 54 19 6 10.35
1167 117 14 7 43 6 8 6.47
1168 117 14 7 131 1 2 6.0
1169 117 14 7 8 18 15 9.05
1170 117 14 7 40 8 10 9.24
1171 117 14 7 70 6 19 6.91
1172 117 14 7 110 9 1 11.95
1173 117 14 7 28 5 18 5.78
1174 117 14 7 33 3 13 7.22
1175 117 14 7 67 19 8 5.29
1176 117 14 7 152 2 14 6.44
1177 117 14 7 120 7 9 5.81
1178 117 14 7 71 6 14 8.87
1179 117 14 7 164 19 15 10.43
1180 118 16 5 160 12 11 9.12
1181 118 16 5 29 1 15 7.53
1182 118 16 5 111 18 5 11.18
1183 118 16 5 28 5 18 8.32
1184 118 16 5 166 4 2 8.14
1185 118 16 5 47 1 9 6.64
1186 118 16 5 171 6 15 6.4
1187 118 16 5 20 17 8 10.85
1188 118 16 5 102 3 6 8.89
1189 118 16 5 51 15 17 4.39
1190 118 16 5 93 15 12 10.58
1191 118 16 5 192 8 17 4.69
1192 119 16 1 46 5 12 9.19
1193 119 16 1 23 16 15 10.42
1194 119 16 1 122 7 15 11.12
1195 119 16 1 61 18 10 5.49
1196 119 16 1 62 13 4 6.0
1197 120 7 9 188 1 0 4.36
1198 120 7 9 60 6 13 10.86
1199 120 7 9 33 3 13 7.45
1200 121 16 10 38 9 5 6.1
1201 121 16 10 155 19 1 7.21
1202 121 16 10 165 11 7 8.95
1203 121 16 10 195 11 3 7.81
1204 121 16 10 186 6 7 8.74
1205 122 7 15 43 6 8 4.6
1206 122 7 15 81 13 10 8.22
1207 122 7 15 5 14 18 4.22
1208 122 7 15 186 6 7 6.51
1209 122 7 15 28 5 18 5.68
1210 122 7 15 172 10 9 8.49
1211 122 7 15 48 18 4 10.3
1212 122 7 15 60 6 13 7.51
1213 122 7 15 120 7 9 7.85
1214 122 7 15 144 0 18 7.82
1215 122 7 15 110 9 1 8.94
1216 122 7 15 185 18 16 6.31
1217 122 7 15 94 17 3 6.54
1218 122 7 15 83 2 9 5.23
1219 122 7 15 146 3 5 6.13
1220 123 10 11 27 3 2 4.55
1221 123 10 11 38 9 5 6.1
1222 123 10 11 43 6 8 6.65
1223 124 8 6 189 4 3 9.91
1224 124 8 6 57 9 7 9.47
1225 124 8 6 94 17 3 5.68
1226 124 8 6 142 3 17 7.61
1227 124 8 6 4 9 18 5.9
1228 125 3 18 0 13 3 7.89
1229 125 3 18 155 19 1 7.03
1230 125 3 18 148 8 9 11.88
1231 125 3 18 128 18 2 9.31
1232 125 3 18 176 6 16 10.25
1233 125 3 18 9 4 16 6.16
1234 125 3 18 20 17 8 9.39
1235 125 3 18 28 5 18 5.89
1236 125 3 18 32 9 19 6.7
1237 125 3 18 144 0 18 6.47
1238 125 3 18 34 16 17 6.09
1239 125 3 18 181 6 4 8.8
1240 125 3 18 165 11 7 10.38
1241 125 3 18 164 19 15 7.44
1242 125 3 18 16 15 4 5.6
1243 126 18 1 86 15 9 8.16
1244 126 18 1 190 13 0 9.89
1245 126 18 1 168 13 9 7.17
1246 126 18 1 29 1 15 9.28
1247 127 5 15 23 16 15 7.13
1248 127 5 15 125 3 18 5.87
1249 127 5 15 131 1 2 5.67
1250 127 5 15 40 8 10 7.48
1251 127 5 15 159 8 16 5.64
1252 127 5 15 121 16 10 9.58
1253 127 5 15 115 10 19 7.71
1254 127 5 15 134 2 11 4.65
1255 128 18 2 175 11 9 8.52
1256 128 18 2 123 10 11 8.84
1257 128 18 2 143 2 8 5.18
1258 128 18 2 19 17 2 8.23
1259 128 18 2 59 9 11 9.54
1260 128 18 2 0 13 3 10.84
1261 128 18 2 34 16 17 6.32
1262 128 18 2 54 19 6 7.03
1263 128 18 2 126 18 1 9.44
1264 128 18 2 122 7 15 9.72
1265 128 18 2 166 4 2 7.42
1266 128 18 2 178 0 5 7.58
1267 128 18 2 119 16 1 7.1
1268 128 18 2 156 0 10 7.28
1269 128 18 2 25 18 13 9.47
1270 130 2 6 9 4 16 8.45
1271 130 2 6 149 10 12 9.66
1272 130 2 6 176 6 16 8.5
1273 130 2 6 184 17 15 7.28
1274 130 2 6 104 5 4 8.42
1275 130 2 6 76 13 11 9.84
1276 130 2 6 195 11 3 5.57
1277 130 2 6 47 1 9 6.7
1278 130 2 6 41 9 10 7.04
1279 130 2 6 161 2 12 5.79
1280 130 2 6 167 4 5 8.54
1281 130 2 6 119 16 1 5.28
1282 130 2 6 196 15 5 8.71
1283 130 2 6 183 19 10 9.89
1284 130 2 6 44 7 12 7.22
1285 130 2 6 107 1 18 6.56
1286 130 2 6 3 0 19 10.73
1287 130 2 6 59 9 11 10.99
1288 131 1 2 132 17 4 8.78
1289 131 1 2 86 15 9 6.75
1290 131 1 2 166 4 2 7.52
1291 131 1 2 39 5 11 6.93
1292 131 1 2 89 6 3 7.59
1293 131 1 2 22 1 13 8.27
1294 131 1 2 59 9 11 9.89
1295 131 1 2 143 2 8 5.79
1296 131 1 2 45 8 18 4.94
1297 131 1 2 7 13 14 4.31
1298 131 1 2 38 9 5 6.27
1299 131 1 2 90 11 4 9.57
1300 131 1 2 140 14 10 7.11
1301 132 17 4 121 16 10 10.37
1302 132 17 4 141 14 11 8.18
1303 132 17 4 46 5 12 9.47
1304 132 17 4 58 16 12 6.76
1305 132 17 4 20 17 8 9.93
1306 132 17 4 118 16 5 6.83
1307 132 17 4 119 16 1 5.14
1308 132 17 4 152 2 14 8.52
1309 132 17 4 28 5 18 8.2
1310 132 17 4 85 16 19 8.35
1311 132 17 4 83 2 9 6.45
1312 132 17 4 140 14 10 8.29
1313 132 17 4 98 14 19 9.69
1314 132 17 4 5 14 18 6.71
1315 132 17 4 30 5 8 9.69
1316 132 17 4 186 6 7 8.04
1317 132 17 4 42 9 6 8.41
1318 133 7 2 14 4 12 6.4
1319 133 7 2 141 14 11 9.07
1320 133 7 2 146 3 5 5.49
1321 133 7 2 181 6 4 6.91
1322 133 7 2 82 13 5 6.95
1323 133 7 2 6 12 17 4.87
1324 133 7 2 36 10 4 6.46
1325 134 2 11 186 6 7 7.92
1326 134 2 11 86 15 9 8.11
1327 134 2 11 62 13 4 7.77
1328 134 2 11 21 14 4 8.21
1329 134 2 11 193 8 0 10.37
1330 134 2 11 158 14 6 9.07
1331 134 2 11 14 4 12 4.84
1332 134 2 11 91 2 19 7.09
1333 135 8 13 27 3 2 4.54
1334 135 8 13 144 0 18 8.31
1335 135 8 13 124 8 6 8.55
1336 135 8 13 65 7 18 5.67
1337 135 8 13 40 8 10 10.09
1338 135 8 13 178 0 5 7.65
1339 138 15 7 173 11 6 7.53
1340 138 15 7 103 17 18 8.24
1341 138 15 7 42 9 6 9.23
1342 138 15 7 73 5 2 7.67
1343 138 15 7 17 5 6 8.37
1344 139 14 17 10 1 3 6.67
1345 139 14 17 118 16 5 7.74
1346 139 14 17 95 7 4 8.73
1347 139 14 17 196 15 5 10.65
1348 139 14 17 29 1 15 6.82
1349 139 14 17 101 17 5 4.39
1350 139 14 17 64 16 0 7.41
1351 139 14 17 113 10 3 8.38
1352 139 14 17 148 8 9 12.12
1353 139 14 17 195 11 3 5.71
1354 139 14 17 55 15 18 4.8
1355 139 14 17 154 13 19 8.16
1356 139 14 17 17 5 6 7.1
1357 139 14 17 14 4 12 7.86
1358 139 14 17 59 9 11 9.05
1359 140 14 10 1 7 1 6.62
1360 140 14 10 68 6 1 5.41
1361 140 14 10 86 15 9 8.3
1362 141 14 11 180 19 9 10.2
1363 141 14 11 183 19 10 8.4
1364 141 14 11 96 14 9 9.42
1365 141 14 11 73 5 2 8.42
1366 141 14 11 135 8 13 8.37
1367 141 14 11 99 16 14 7.21
1368 141 14 11 83 2 9 7.5
1369 141 14 11 145 11 8 11.34
1370 141 14 11 70 6 19 7.82
1371 141 14 11 184 17 15 9.94
1372 141 14 11 150 15 11 4.85
1373 141 14 11 189 4 3 8.11
1374 142 3 17 92 10 6 5.18
1375 142 3 17 66 19 18 7.96
1376 142 3 17 112 3 12 6.51
1377 142 3 17 48 18 4 10.05
1378 142 3 17 185 18 16 5.36
1379 142 3 17 121 16 10 8.45
1380 142 3 17 89 6 3 8.44
1381 142 3 17 171 6 15 5.44
1382 142 3 17 84 16 11 7.28
1383 142 3 17 65 7 18 5.12
1384 142 3 17 15 12 4 4.66
1385 143 2 8 43 6 8 6.97
1386 143 2 8 122 7 15 7.13
1387 143 2 8 172 10 9 8.14
1388 144 0 18 60 6 13 11.44
1389 145 11 8 8 18 15 8.88
1390 145 11 8 62 13 4 4.84
1391 145 11 8 147 18 12 5.39
1392 145 11 8 19 17 2 8.04
1393 145 11 8 194 10 2 7.38
1394 145 11 8 29 1 15 7.89
1395 145 11 8 76 13 11 6.13
1396 145 11 8 33 3 13 8.59
1397 145 11 8 47 1 9 5.39
1398 145 11 8 82 13 5 8.06
1399 145 11 8 117 14 7 11.18
1400 145 11 8 23 16 15 7.41
1401 146 3 5 142 3 17 8.49
1402 146 3 5 1 7 1 5.12
1403 146 3 5 137 6 18 5.66
1404 146 3 5 181 6 4 8.2
1405 146 3 5 154 13 19 6.8
1406 146 3 5 38 9 5 7.2
1407 146 3 5 81 13 10 8.02
1408 146 3 5 158 14 6 6.81
1409 149 10 12 98 14 19 8.63
1410 150 15 11 73 5 2 8.74
1411 150 15 11 26 5 0 5.47
1412 150 15 11 152 2 14 7.46
1413 150 15 11 140 14 10 5.52
1414 150 15 11 180 19 9 7.36
1415 150 15 11 166 4 2 5.59
1416 150 15 11 159 8 16 6.77
1417 150 15 11 122 7 15 8.84
1418 150 15 11 46 5 12 7.57
1419 150 15 11 37 6 5 5.1
1420 150 15 11 30 5 8 7.92
1421 150 15 11 67 19 8 5.91
1422 150 15 11 82 13 5 8.32
1423 150 15 11 95 7 4 5.81
1424 150 15 11 78 0 16 9.36
1425 150 15 11 145 11 8 9.72
1426 150 15 11 103 17 18 9.45
1427 150 15 11 167 4 5 7.26
1428 150 15 11 76 13 11 6.87
1429 151 17 14 199 7 8 7.06
1430 151 17 14 142 3 17 5.75
1431 151 17 14 171 6 15 8.09
1432 151 17 14 33 3 13 6.06
1433 151 17 14 116 16 7 5.98
1434 151 17 14 132 17 4 5.42
1435 151 17 14 170 7 16 7.93
1436 151 17 14 12 14 12 9.01
1437 151 17 14 42 9 6 8.21
1438 151 17 14 179 12 8 8.29
1439 151 17 14 121 16 10 6.99
1440 151 17 14 29 1 15 8.79
1441 152 2 14 195 11 3 7.41
1442 152 2 14 176 6 16 8.45
1443 152 2 14 17 5 6 7.58
1444 152 2 14 32 9 19 9.42
1445 152 2 14 87 8 2 10.09
1446 152 2 14 165 11 7 7.37
1447 152 2 14 122 7 15 9.04
1448 153 10 17 23 16 15 10.49
1449 154 13 19 42 9 6 6.38
1450 154 13 19 86 15 9 7.19
1451 154 13 19 12 14 12 10.76
1452 154 13 19 117 14 7 10.16
1453 154 13 19 51 15 17 6.24
1454 154 13 19 113 10 3 8.74
1455 154 13 19 89 6 3 7.62
1456 154 13 19 73 5 2 7.14
1457 154 13 19 96 14 9 7.11
1458 154 13 19 150 15 11 5.63
1459 154 13 19 158 14 6 9.34
1460 155 19 1 122 7 15 7.93
1461 155 19 1 41 9 10 9.27
1462 155 19 1 107 1 18 7.75
1463 155 19 1 37 6 5 7.41
1464 155 19 1 7 13 14 5.14
1465 155 19 1 104 5 4 8.7
1466 155 19 1 126 18 1 10.49
1467 155 19 1 26 5 0 7.06
1468 155 19 1 60 6 13 7.18
1469 155 19 1 125 3 18 5.02
1470 155 19 1 22 1 13 5.96
1471 155 19 1 58 16 12 9.99
1472 156 0 10 160 12 11 7.26
1473 156 0 10 39 5 11 5.78
1474 156 0 10 159 8 16 5.45
1475 156 0 10 125 3 18 4.38
1476 156 0 10 3 0 19 8.67
1477 156 0 10 12 14 12 6.98
1478 156 0 10 76 13 11 7.35
1479 156 0 10 146 3 5 6.72
1480 156 0 10 165 11 7 10.08
1481 156 0 10 108 0 13 9.16
1482 156 0 10 25 18 13 7.52
1483 156 0 10 190 13 0 7.53
1484 156 0 10 27 3 2 4.12
1485 156 0 10 68 6 1 6.3
1486 156 0 10 11 3 19 6.32
1487 157 19 0 18 1 6 10.76
1488 157 19 0 36 10 4 6.13
1489 157 19 0 195 11 3 6.55
1490 157 19 0 149 10 12 7.07
1491 157 19 0 118 16 5 8.62
1492 157 19 0 20 17 8 7.79
1493 157 19 0 127 5 15 4.22
1494 157 19 0 198 16 13 7.74
1495 157 19 0 175 11 9 10.12
1496 157 19 0 10 1 3 9.38
1497 157 19 0 179 12 8 6.5
1498 157 19 0 56 6 11 5.44
1499 158 14 6 129 4 15 10.8
1500 158 14 6 71 6 14 7.81
1501 158 14 6 41 9 10 6.2
1502 158 14 6 177 12 13 8.37
1503 158 14 6 101 17 5 4.61
1504 158 14 6 5 14 18 4.76
1505 158 14 6 20 17 8 9.61
1506 158 14 6 134 2 11 4.09
1507 158 14 6 48 18 4 7.78
1508 158 14 6 21 14 4 6.05
1509 158 14 6 119 16 1 5.67
1510 158 14 6 133 7 2 6.03
1511 158 14 6 157 19 0 7.39
1512 158 14 6 131 1 2 8.3
1513 158 14 6 61 18 10 5.79
1514 158 14 6 37 6 5 5.2
1515 158 14 6 16 15 4 6.43
1516 159 8 16 31 4 1 8.68
1517 159 8 16 38 9 5 6.41
1518 159 8 16 176 6 16 9.81
1519 159 8 16 12 14 12 7.68
1520 159 8 16 166 4 2 8.04
1521 160 12 11 198 16 13 5.69
1522 160 12 11 190 13 0 7.48
1523 160 12 11 188 1 0 7.18
1524 160 12 11 75 7 10 7.17
1525 160 12 11 72 10 5 4.85
1526 160 12 11 59 9 11 7.28
1527 160 12 11 48 18 4 9.39
1528 160 12 11 163 0 14 10.47
1529 160 12 11 16 15 4 7.67
1530 161 2 12 147 18 12 7.49
1531 161 2 12 121 16 10 8.74
1532 161 2 12 42 9 6 9.43
1533 161 2 12 32 9 19 9.12
1534 162 11 17 167 4 5 7.41
1535 162 11 17 66 19 18 7.86
1536 163 0 14 83 2 9 7.1
1537 164 19 15 51 15 17 4.54
1538 164 19 15 103 17 18 8.17
1539 164 19 15 74 12 7 10.27
1540 164 19 15 83 2 9 8.26
1541 164 19 15 174 13 15 5.85
1542 164 19 15 111 18 5 9.63
1543 164 19 15 156 0 10 7.84
1544 164 19 15 150 15 11 6.3
1545 164 19 15 90 11 4 9.9
1546 164 19 15 154 13 19 7.96
1547 164 19 15 86 15 9 8.95
1548 164 19 15 193 8 0 8.75
1549 164 19 15 163 0 14 10.46
1550 165 11 7 196 15 5 11.5
1551 166 4 2 181 6 4 9.55
1552 166 4 2 119 16 1 7.37
1553 166 4 2 52 10 15 7.07
1554 166 4 2 157 19 0 7.8
1555 166 4 2 85 16 19 6.03
1556 166 4 2 36 10 4 5.97
1557 166 4 2 94 17 3 4.52
1558 166 4 2 17 5 6 8.47
1559 166 4 2 31 4 1 5.95
1560 166 4 2 75 7 10 4.67
1561 166 4 2 177 12 13 7.42
1562 166 4 2 29 1 15 9.74
1563 166 4 2 190 13 0 10.23
1564 167 4 5 150 15 11 5.77
1565 167 4 5 45 8 18 4.41
1566 167 4 5 168 13 9 8.15
1567 167 4 5 11 3 19 5.34
1568 167 4 5 180 19 9 8.9
1569 167 4 5 30 5 8 7.19
1570 167 4 5 133 7 2 4.34
1571 167 4 5 15 12 4 6.19
1572 167 4 5 171 6 15 8.1
1573 167 4 5 43 6 8 6.0
1574 167 4 5 75 7 10 6.95
1575 167 4 5 4 9 18 6.08
1576 167 4 5 40 8 10 6.35
1577 167 4 5 54 19 6 7.43
1578 167 4 5 162 11 17 4.94
1579 167 4 5 101 17 5 4.42
1580 167 4 5 51 15 17 6.07
1581 168 13 9 75 7 10 4.96
1582 168 13 9 197 14 8 8.01
1583 168 13 9 117 14 7 9.53
1584 169 8 5 105 13 1 8.34
1585 169 8 5 39 5 11 4.78
1586 170 7 16 166 4 2 7.27
1587 171 6 15 30 5 8 6.31
1588 171 6 15 132 17 4 8.63
1589 171 6 15 98 14 19 10.55
1590 171 6 15 41 9 10 8.45
1591 171 6 15 44 7 12 5.88
1592 171 6 15 157 19 0 7.29
1593 171 6 15 143 2 8 6.08
1594 171 6 15 130 2 6 10.02
1595 171 6 15 49 15 3 6.84
1596 171 6 15 125 3 18 6.03
1597 171 6 15 78 0 16 8.44
1598 171 6 15 91 2 19 6.47
1599 171 6 15 5 14 18 5.12
1600 171 6 15 104 5 4 9.0
1601 171 6 15 84 16 11 7.14
1602 171 6 15 131 1 2 6.84
1603 171 6 15 22 1 13 9.03
1604 171 6 15 72 10 5 6.5
1605 172 10 9 162 11 17 6.14
1606 172 10 9 32 9 19 7.08
1607 172 10 9 107 1 18 8.19
1608 172 10 9 28 5 18 6.58
1609 172 10 9 184 17 15 9.13
1610 172 10 9 9 4 16 9.28
1611 172 10 9 8 18 15 8.23
1612 172 10 9 196 15 5 8.02
1613 172 10 9 116 16 7 6.41
1614 172 10 9 170 7 16 7.95
1615 172 10 9 78 0 16 10.61
1616 172 10 9 92 10 6 6.7
1617 173 11 6 153 10 17 8.36
1618 173 11 6 130 2 6 9.76
1619 173 11 6 182 6 12 8.19
1620 173 11 6 176 6 16 9.24
1621 173 11 6 49 15 3 6.45
1622 173 11 6 98 14 19 7.75
1623 173 11 6 141 14 11 8.9
1624 173 11 6 12 14 12 6.78
1625 173 11 6 89 6 3 6.82
1626 174 13 15 160 12 11 9.99
1627 174 13 15 151 17 14 7.23
1628 174 13 15 132 17 4 5.75
1629 174 13 15 199 7 8 9.87
1630 174 13 15 9 4 16 8.67
1631 174 13 15 58 16 12 7.24
1632 174 13 15 99 16 14 6.85
1633 174 13 15 49 15 3 7.02
1634 175 11 9 38 9 5 6.42
1635 176 6 16 115 10 19 6.48
1636 176 6 16 49 15 3 7.43
1637 176 6 16 112 3 12 6.68
1638 176 6 16 16 15 4 5.88
1639 176 6 16 9 4 16 7.4
1640 176 6 16 133 7 2 6.73
1641 176 6 16 95 7 4 5.83
1642 176 6 16 161 2 12 5.33
1643 176 6 16 173 11 6 8.57
1644 176 6 16 86 15 9 10.59
1645 176 6 16 80 9 17 9.47
1646 176 6 16 36 10 4 5.07
1647 176 6 16 2 1 7 8.83
1648 176 6 16 26 5 0 5.77
1649 176 6 16 174 13 15 7.54
1650 176 6 16 28 5 18 5.78
1651 176 6 16 118 16 5 7.88
1652 176 6 16 130 2 6 8.86
1653 176 6 16 151 17 14 8.91
1654 177 12 13 54 19 6 6.5
1655 177 12 13 125 3 18 5.62
1656 177 12 13 195 11 3 6.09
1657 177 12 13 0 13 3 8.47
1658 177 12 13 18 1 6 7.99
1659 177 12 13 90 11 4 8.23
1660 177 12 13 41 9 10 7.05
1661 177 12 13 146 3 5 4.53
1662 177 12 13 141 14 11 9.27
1663 177 12 13 25 18 13 7.93
1664 177 12 13 8 18 15 6.84
1665 177 12 13 175 11 9 9.97
1666 178 0 5 117 14 7 7.13
1667 178 0 5 53 9 13 9.58
1668 178 0 5 185 18 16 4.52
1669 178 0 5 137 6 18 6.99
1670 178 0 5 197 14 8 7.6
1671 178 0 5 8 18 15 9.42
1672 178 0 5 38 9 5 6.16
1673 178 0 5 52 10 15 6.69
1674 178 0 5 129 4 15 9.88
1675 178 0 5 81 13 10 6.75
1676 178 0 5 77 14 1 6.57
1677 178 0 5 176 6 16 6.54
1678 178 0 5 157 19 0 7.39
1679 178 0 5 158 14 6 8.59
1680 178 0 5 60 6 13 8.39
1681 178 0 5 78 0 16 6.86
1682 178 0 5 167 4 5 8.94
1683 179 12 8 0 13 3 9.79
1684 179 12 8 41 9 10 8.72
1685 179 12 8 166 4 2 7.06
1686 179 12 8 187 9 3 6.32
1687 179 12 8 199 7 8 8.95
1688 179 12 8 140 14 10 5.87
1689 179 12 8 181 6 4 8.55
1690 179 12 8 153 10 17 6.47
1691 180 19 9 184 17 15 10.19
1692 180 19 9 94 17 3 5.37
1693 180 19 9 156 0 10 8.39
1694 180 19 9 193 8 0 8.62
1695 180 19 9 52 10 15 5.43
1696 180 19 9 164 19 15 8.97
1697 180 19 9 150 15 11 6.18
1698 180 19 9 170 7 16 5.64
1699 180 19 9 9 4 16 8.36
1700 180 19 9 14 4 12 5.33
1701 180 19 9 89 6 3 8.05
1702 180 19 9 3 0 19 9.35
1703 180 19 9 144 0 18 9.69
1704 180 19 9 120 7 9 6.44
1705 180 19 9 181 6 4 8.27
1706 180 19 9 30 5 8 7.92
1707 180 19 9 62 13 4 5.7
1708 181 6 4 33 3 13 6.36
1709 181 6 4 163 0 14 8.41
1710 181 6 4 97 16 9 7.67
1711 181 6 4 15 12 4 5.91
1712 181 6 4 77 14 1 7.04
1713 181 6 4 98 14 19 8.06
1714 181 6 4 199 7 8 9.88
1715 181 6 4 39 5 11 4.41
1716 181 6 4 175 11 9 6.34
1717 181 6 4 40 8 10 6.26
1718 181 6 4 102 3 6 8.19
1719 181 6 4 64 16 0 9.25
1720 181 6 4 110 9 1 12.0
1721 181 6 4 65 7 18 4.86
1722 181 6 4 188 1 0 5.94
1723 181 6 4 14 4 12 5.76
1724 182 6 12 194 10 2 6.94
1725 182 6 12 7 13 14 5.6
1726 182 6 12 129 4 15 8.78
1727 182 6 12 82 13 5 6.65
1728 182 6 12 164 19 15 7.78
1729 182 6 12 187 9 3 8.03
1730 182 6 12 57 9 7 7.17
1731 182 6 12 25 18 13 10.18
1732 182 6 12 90 11 4 10.78
1733 182 6 12 196 15 5 10.41
1734 182 6 12 163 0 14 10.37
1735 182 6 12 43 6 8 4.86
1736 182 6 12 27 3 2 5.67
1737 182 6 12 185 18 16 5.31
1738 182 6 12 62 13 4 6.2
1739 183 19 10 153 10 17 7.49
1740 183 19 10 103 17 18 7.36
1741 183 19 10 22 1 13 6.96
1742 183 19 10 155 19 1 6.4
1743 183 19 10 29 1 15 7.62
1744 183 19 10 64 16 0 7.22
1745 183 19 10 189 4 3 9.31
1746 183 19 10 90 11 4 7.51
1747 183 19 10 26 5 0 7.2
1748 183 19 10 55 15 18 4.78
1749 183 19 10 120 7 9 5.17
1750 183 19 10 154 13 19 6.77
1751 183 19 10 187 9 3 7.09
1752 183 19 10 87 8 2 10.39
1753 183 19 10 46 5 12 10.84
1754 183 19 10 113 10 3 6.26
1755 183 19 10 148 8 9 9.89
1756 184 17 15 5 14 18 4.15
1757 184 17 15 179 12 8 5.47
1758 184 17 15 28 5 18 8.07
1759 184 17 15 52 10 15 7.57
1760 184 17 15 74 12 7 11.57
1761 184 17 15 190 13 0 9.12
1762 184 17 15 134 2 11 5.08
1763 184 17 15 164 19 15 9.87
1764 184 17 15 107 1 18 6.84
1765 184 17 15 183 19 10 10.18
1766 185 18 16 80 9 17 7.74
1767 185 18 16 154 13 19 7.3
1768 186 6 7 187 9 3 7.25
1769 186 6 7 133 7 2 4.45
1770 186 6 7 149 10 12 7.28
1771 186 6 7 12 14 12 8.46
1772 186 6 7 77 14 1 7.77
1773 186 6 7 58 16 12 6.96
1774 186 6 7 35 1 14 6.78
1775 186 6 7 109 6 10 8.72
1776 186 6 7 148 8 9 9.95
1777 186 6 7 48 18 4 7.4
1778 186 6 7 24 4 17 6.3
1779 187 9 3 10 1 3 6.52
1780 187 9 3 51 15 17 6.3
1781 187 9 3 3 0 19 7.74
1782 187 9 3 48 18 4 7.59
1783 187 9 3 26 5 0 7.29
1784 187 9 3 146 3 5 6.67
1785 187 9 3 159 8 16 5.85
1786 187 9 3 191 10 14 7.93
1787 187 9 3 66 19 18 7.78
1788 188 1 0 165 11 7 9.81
1789 188 1 0 118 16 5 8.05
1790 188 1 0 55 15 18 6.29
1791 188 1 0 42 9 6 6.38
1792 188 1 0 28 5 18 6.55
1793 188 1 0 193 8 0 7.32
1794 188 1 0 107 1 18 6.93
1795 188 1 0 83 2 9 8.21
1796 188 1 0 138 15 7 6.1
1797 188 1 0 72 10 5 5.79
1798 188 1 0 70 6 19 9.0
1799 188 1 0 31 4 1 7.94
1800 188 1 0 76 13 11 9.59
1801 188 1 0 117 14 7 11.02
1802 188 1 0 40 8 10 7.36
1803 189 4 3 11 3 19 4.23
1804 189 4 3 32 9 19 7.94
1805 190 13 0 110 9 1 9.99
1806 190 13 0 117 14 7 9.53
1807 190 13 0 35 1 14 6.15
1808 190 13 0 107 1 18 5.3
1809 190 13 0 85 16 19 9.32
1810 190 13 0 132 17 4 5.86
1811 190 13 0 72 10 5 5.67
1812 191 10 14 126 18 1 7.11
1813 191 10 14 163 0 14 7.52
1814 191 10 14 80 9 17 9.9
1815 191 10 14 87 8 2 8.07
1816 191 10 14 197 14 8 6.39
1817 191 10 14 5 14 18 6.8
1818 191 10 14 54 19 6 8.0
1819 191 10 14 193 8 0 10.15
1820 191 10 14 132 17 4 5.74
1821 191 10 14 188 1 0 4.57
1822 191 10 14 25 18 13 7.92
1823 191 10 14 102 3 6 9.91
1824 191 10 14 55 15 18 4.22
1825 191 10 14 104 5 4 10.26
1826 191 10 14 177 12 13 9.02
1827 191 10 14 36 10 4 6.84
1828 191 10 14 111 18 5 9.53
1829 191 10 14 142 3 17 7.22
1830 192 8 17 156 0 10 5.59
1831 192 8 17 77 14 1 4.75
1832 192 8 17 38 9 5 5.99
1833 192 8 17 120 7 9 7.42
1834 192 8 17 149 10 12 9.79
1835 192 8 17 33 3 13 7.47
1836 192 8 17 128 18 2 6.78
1837 192 8 17 22 1 13 7.97
1838 192 8 17 42 9 6 8.19
1839 192 8 17 10 1 3 8.15
1840 193 8 0 0 13 3 11.01
1841 193 8 0 72 10 5 6.22
1842 193 8 0 192 8 17 4.88
1843 193 8 0 175 11 9 7.32
1844 193 8 0 11 3 19 5.09
1845 193 8 0 60 6 13 8.95
1846 193 8 0 123 10 11 6.47
1847 193 8 0 43 6 8 5.58
1848 193 8 0 164 19 15 9.92
1849 194 10 2 53 9 13 10.33
1850 194 10 2 122 7 15 10.04
1851 194 10 2 184 17 15 9.83
1852 194 10 2 186 6 7 8.84
1853 194 10 2 176 6 16 6.78
1854 194 10 2 189 4 3 8.65
1855 194 10 2 159 8 16 6.21
1856 194 10 2 107 1 18 5.81
1857 194 10 2 11 3 19 3.87
1858 194 10 2 71 6 14 8.17
1859 194 10 2 12 14 12 9.1
1860 194 10 2 114 7 17 6.89
1861 194 10 2 60 6 13 7.01
1862 194 10 2 166 4 2 7.03
1863 195 11 3 18 1 6 8.69
1864 195 11 3 78 0 16 9.7
1865 196 15 5 5 14 18 5.81
1866 198 16 13 186 6 7 6.74
1867 198 16 13 19 17 2 8.92
1868 198 16 13 129 4 15 11.75
1869 198 16 13 119 16 1 6.43
1870 198 16 13 41 9 10 8.3
1871 198 16 13 9 4 16 5.91
1872 199 7 8 106 15 8 6.24
1873 199 7 8 95 7 4 8.21
1874 199 7 8 114 7 17 7.11
1875 199 7 8 139 14 17 10.27
1876 199 7 8 41 9 10 7.87
1877 199 7 8 79 18 6 7.18
1878 199 7 8 170 7 16 7.03
1879 199 7 8 97 16 9 10.14
