20 200 1732
0 7 19 2.35
1 11 5 10.07
2 15 8 7.27
3 14 18 2.67
4 18 19 1.75
5 4 2 2.99
6 6 14 5.46
7 16 12 2.82
8 2 15 7.5
9 5 11 8.99
10 18 17 5.22
11 19 1 2.4
12 9 2 2.21
13 12 17 5.17
14 5 6 1.95
15 6 15 8.41
16 10 3 7.76
17 9 17 2.25
18 8 6 1.7
19 13 16 1.49
20 8 3 8.03
21 9 8 6.85
22 11 1 5.25
23 18 13 1.76
24 19 2 1.91
25 9 19 4.06
26 12 8 4.49
27 7 8 8.02
28 10 7 9.2
29 5 17 10.03
30 19 12 7.15
31 7 2 3.16
32 9 10 6.51
33 17 18 5.46
34 19 5 4.63
35 5 7 8.74
36 15 13 1.44
37 13 17 6.7
38 5 10 3.87
39 5 2 6.85
40 4 11 2.85
41 0 1 5.45
42 6 11 9.5
43 5 19 4.99
44 3 8 7.95
45 1 15 6.92
46 17 19 5.86
47 12 15 4.44
48 4 19 4.73
49 14 15 6.14
50 9 11 2.2
51 7 5 8.42
52 6 2 5.52
53 7 18 2.44
54 0 3 7.98
55 16 4 6.7
56 16 18 1.8
57 7 4 2.03
58 18 1 3.92
59 11 3 7.36
60 1 9 2.95
61 19 15 7.1
62 9 1 2.99
63 2 16 2.33
64 18 9 4.14
65 8 11 9.39
66 5 1 5.04
67 15 5 6.39
68 14 2 4.55
69 7 14 2.8
70 1 12 1.23
71 6 1 3.91
72 10 16 3.74
73 19 10 6.02
74 12 11 4.92
75 15 19 7.81
76 15 0 5.61
77 15 12 3.81
78 8 18 5.71
79 9 14 1.38
80 11 6 8.81
81 15 1 5.08
82 7 13 8.91
83 18 14 2.69
84 15 7 10.28
85 13 9 4.36
86 11 7 5.0
87 2 11 4.04
88 6 7 6.98
89 17 14 3.36
90 8 0 2.31
91 17 5 10.54
92 18 12 4.81
93 0 4 9.8
94 7 1 5.53
95 4 18 4.0
96 17 12 5.22
97 3 5 8.1
98 17 1 5.2
99 1 16 3.47
100 13 3 5.75
101 2 18 1.74
102 1 2 2.21
103 14 16 4.94
104 14 19 2.48
105 12 14 3.49
106 7 16 7.91
107 7 11 4.95
108 2 3 1.79
109 10 4 8.89
110 4 3 1.66
111 2 6 4.72
112 8 7 8.69
113 4 14 2.66
114 19 6 3.27
115 5 14 5.31
116 19 0 5.75
117 11 8 9.15
118 16 5 6.44
119 11 17 0.02
120 4 5 10.44
121 2 10 5.64
122 1 13 3.88
123 1 6 3.97
124 14 3 0.89
125 11 2 3.7
126 18 3 3.03
127 12 9 8.65
128 11 14 3.09
129 17 0 2.71
130 13 7 9.48
131 12 13 2.84
132 10 18 7.32
133 6 0 4.13
134 16 11 4.77
135 13 10 2.17
136 5 16 7.14
137 18 8 6.04
138 10 19 5.51
139 16 2 5.81
140 15 17 6.23
141 12 7 6.24
142 17 16 4.41
143 15 3 7.08
144 15 18 8.79
145 18 6 5.28
146 8 1 4.28
147 9 18 3.78
148 8 5 2.02
149 18 4 4.11
150 4 6 8.05
151 11 19 5.4
152 2 0 6.79
153 14 5 7.41
154 0 6 3.84
155 19 17 5.35
156 1 11 4.53
157 3 1 3.94
158 10 13 2.27
159 8 9 7.32
160 15 6 1.9
161 1 5 4.67
162 16 6 7.24
163 7 15 10.22
164 13 5 5.55
165 1 3 3.58
166 19 8 4.41
167 10 11 5.59
168 19 16 6.48
169 12 6 4.63
170 17 8 9.86
171 3 16 5.0
172 4 8 5.94
173 12 16 2.72
174 9 16 3.87
175 4 12 6.46
176 11 0 9.28
177 3 17 5.24
178 5 4 9.74
179 19 4 4.86
180 14 10 6.27
181 12 4 6.22
182 9 15 5.62
183 15 14 6.84
184 11 18 5.13
185 11 16 4.45
186 2 12 3.59
187 0 17 9.43
188 10 17 7.5
189 14 17 3.39
190 16 14 5.28
191 1 18 4.02
192 16 7 8.03
193 0 8 2.54
194 16 19 5.58
195 2 1 2.19
196 10 0 2.02
197 8 10 4.49
198 6 4 5.05
199 7 9 3.97
0 0 7 19 88 6 7 7.88
1 0 7 19 141 12 7 5.55
2 0 7 19 40 4 11 3.54
3 0 7 19 173 12 16 2.67
4 0 7 19 194 16 19 4.42
5 0 7 19 46 17 19 5.2
6 0 7 19 123 1 6 3.26
7 0 7 19 101 2 18 1.69
8 0 7 19 108 2 3 1.7
9 0 7 19 152 2 0 6.81
10 0 7 19 104 14 19 2.29
11 1 11 5 191 1 18 3.11
12 1 11 5 159 8 9 6.51
13 1 11 5 110 4 3 1.8
14 1 11 5 183 15 14 5.81
15 1 11 5 119 11 17 0.01
16 2 15 8 107 7 11 5.78
17 2 15 8 98 17 1 5.83
18 2 15 8 79 9 14 1.21
19 2 15 8 45 1 15 7.58
20 2 15 8 39 5 2 5.13
21 2 15 8 74 12 11 3.95
22 2 15 8 68 14 2 3.61
23 2 15 8 106 7 16 8.75
24 2 15 8 161 1 5 3.96
25 2 15 8 196 10 0 1.52
26 2 15 8 63 2 16 2.15
27 2 15 8 64 18 9 4.47
28 2 15 8 93 0 4 7.53
29 2 15 8 5 4 2 3.55
30 2 15 8 33 17 18 4.67
31 4 18 19 138 10 19 6.42
32 4 18 19 158 10 13 1.85
33 4 18 19 66 5 1 5.78
34 4 18 19 143 15 3 6.34
35 5 4 2 30 19 12 7.1
36 5 4 2 124 14 3 1.02
37 5 4 2 89 17 14 2.73
38 5 4 2 77 15 12 3.6
39 5 4 2 1 11 5 9.83
40 5 4 2 184 11 18 4.64
41 5 4 2 152 2 0 8.18
42 5 4 2 139 16 2 6.58
43 5 4 2 157 3 1 3.31
44 5 4 2 172 4 8 5.11
45 5 4 2 154 0 6 3.9
46 5 4 2 189 14 17 3.98
47 5 4 2 109 10 4 9.65
48 5 4 2 176 11 0 9.22
49 5 4 2 122 1 13 3.28
50 5 4 2 131 12 13 2.16
51 5 4 2 115 5 14 4.16
52 6 6 14 135 13 10 2.14
53 6 6 14 19 13 16 1.57
54 6 6 14 33 17 18 4.46
55 6 6 14 105 12 14 3.87
56 6 6 14 147 9 18 4.35
57 6 6 14 197 8 10 5.14
58 6 6 14 162 16 6 7.63
59 6 6 14 115 5 14 4.67
60 6 6 14 59 11 3 6.22
61 6 6 14 137 18 8 7.43
62 6 6 14 29 5 17 10.5
63 6 6 14 15 6 15 8.56
64 6 6 14 126 18 3 2.39
65 6 6 14 37 13 17 7.08
66 6 6 14 12 9 2 1.74
67 7 16 12 109 10 4 9.2
68 7 16 12 2 15 8 7.05
69 7 16 12 193 0 8 2.56
70 7 16 12 160 15 6 1.56
71 7 16 12 38 5 10 4.63
72 7 16 12 33 17 18 4.46
73 8 2 15 5 4 2 3.41
74 8 2 15 148 8 5 2.06
75 8 2 15 129 17 0 2.61
76 8 2 15 139 16 2 4.67
77 8 2 15 170 17 8 7.52
78 8 2 15 70 1 12 1.36
79 8 2 15 62 9 1 2.24
80 9 5 11 94 7 1 4.47
81 9 5 11 171 3 16 5.21
82 9 5 11 71 6 1 4.86
83 9 5 11 3 14 18 2.45
84 9 5 11 155 19 17 4.91
85 9 5 11 31 7 2 3.79
86 9 5 11 111 2 6 5.1
87 9 5 11 82 7 13 8.65
88 9 5 11 7 16 12 2.13
89 9 5 11 28 10 7 7.29
90 9 5 11 20 8 3 6.57
91 9 5 11 140 15 17 6.74
92 9 5 11 22 11 1 4.81
93 9 5 11 136 5 16 6.59
94 9 5 11 105 12 14 2.91
95 9 5 11 122 1 13 3.87
96 9 5 11 112 8 7 9.82
97 10 18 17 56 16 18 1.46
98 10 18 17 70 1 12 1.25
99 10 18 17 141 12 7 6.23
100 10 18 17 181 12 4 4.84
101 10 18 17 100 13 3 5.33
102 10 18 17 138 10 19 6.62
103 10 18 17 169 12 6 4.51
104 10 18 17 118 16 5 7.79
105 10 18 17 184 11 18 5.76
106 10 18 17 96 17 12 5.81
107 10 18 17 99 1 16 2.76
108 10 18 17 174 9 16 4.7
109 10 18 17 192 16 7 9.39
110 10 18 17 153 14 5 8.16
111 10 18 17 158 10 13 2.38
112 10 18 17 136 5 16 7.15
113 11 19 1 61 19 15 8.32
114 11 19 1 107 7 11 4.07
115 11 19 1 183 15 14 7.08
116 11 19 1 181 12 4 6.33
117 11 19 1 155 19 17 6.23
118 11 19 1 67 15 5 7.04
119 11 19 1 184 11 18 6.0
120 11 19 1 134 16 11 4.11
121 11 19 1 40 4 11 2.55
122 11 19 1 144 15 18 9.95
123 11 19 1 136 5 16 8.84
124 11 19 1 168 19 16 6.69
125 11 19 1 169 12 6 5.69
126 11 19 1 5 4 2 3.04
127 11 19 1 193 0 8 2.83
128 11 19 1 34 19 5 5.51
129 11 19 1 110 4 3 2.03
130 11 19 1 116 19 0 4.61
131 12 9 2 122 1 13 3.82
132 12 9 2 28 10 7 9.95
133 12 9 2 130 13 7 8.07
134 12 9 2 163 7 15 12.11
135 12 9 2 55 16 4 7.77
136 12 9 2 85 13 9 3.57
137 12 9 2 78 8 18 4.62
138 12 9 2 81 15 1 5.32
139 13 12 17 146 8 1 3.51
140 13 12 17 108 2 3 1.59
141 13 12 17 198 6 4 5.7
142 13 12 17 93 0 4 7.77
143 13 12 17 62 9 1 2.39
144 13 12 17 81 15 1 4.22
145 13 12 17 101 2 18 1.44
146 13 12 17 42 6 11 9.47
147 13 12 17 133 6 0 3.99
148 13 12 17 150 4 6 6.45
149 13 12 17 113 4 14 2.54
150 13 12 17 194 16 19 6.74
151 13 12 17 75 15 19 8.94
152 13 12 17 61 19 15 8.61
153 13 12 17 125 11 2 3.98
154 14 5 6 128 11 14 3.07
155 14 5 6 151 11 19 5.12
156 14 5 6 140 15 17 7.36
157 14 5 6 123 1 6 4.82
158 14 5 6 104 14 19 1.94
159 14 5 6 49 14 15 7.49
160 14 5 6 43 5 19 5.89
161 14 5 6 65 8 11 7.85
162 14 5 6 117 11 8 9.92
163 15 6 15 84 15 7 12.56
164 15 6 15 198 6 4 5.67
165 15 6 15 140 15 17 7.59
166 15 6 15 79 9 14 1.31
167 15 6 15 91 17 5 10.22
168 15 6 15 78 8 18 5.27
169 15 6 15 132 10 18 7.52
170 15 6 15 186 2 12 3.94
171 15 6 15 1 11 5 12.24
172 16 10 3 190 16 14 6.0
173 16 10 3 80 11 6 9.16
174 17 9 17 97 3 5 7.98
175 17 9 17 50 9 11 2.38
176 18 8 6 117 11 8 7.14
177 18 8 6 53 7 18 2.54
178 19 13 16 122 1 13 4.4
179 19 13 16 117 11 8 10.23
180 19 13 16 37 13 17 7.92
181 19 13 16 149 18 4 4.57
182 19 13 16 54 0 3 8.67
183 19 13 16 183 15 14 5.92
184 19 13 16 156 1 11 3.99
185 19 13 16 97 3 5 6.99
186 19 13 16 15 6 15 7.46
187 19 13 16 166 19 8 3.83
188 19 13 16 21 9 8 5.45
189 19 13 16 68 14 2 4.66
190 19 13 16 111 2 6 5.78
191 19 13 16 137 18 8 6.37
192 19 13 16 88 6 7 8.58
193 19 13 16 144 15 18 7.23
194 19 13 16 178 5 4 12.11
195 19 13 16 142 17 16 4.06
196 20 8 3 168 19 16 5.64
197 20 8 3 44 3 8 7.77
198 20 8 3 112 8 7 7.62
199 20 8 3 103 14 16 5.36
200 21 9 8 66 5 1 5.18
201 21 9 8 56 16 18 1.46
202 21 9 8 24 19 2 1.56
203 22 11 1 64 18 9 3.69
204 22 11 1 88 6 7 7.84
205 22 11 1 100 13 3 5.56
206 22 11 1 93 0 4 8.5
207 22 11 1 186 2 12 3.2
208 22 11 1 167 10 11 4.61
209 22 11 1 105 12 14 2.71
210 22 11 1 49 14 15 7.02
211 23 18 13 83 18 14 3.15
212 23 18 13 66 5 1 4.61
213 23 18 13 86 11 7 5.72
214 23 18 13 140 15 17 6.47
215 23 18 13 119 11 17 0.02
216 23 18 13 102 1 2 2.21
217 23 18 13 5 4 2 2.71
218 23 18 13 55 16 4 8.23
219 23 18 13 191 1 18 3.56
220 23 18 13 153 14 5 6.22
221 23 18 13 187 0 17 7.38
222 23 18 13 194 16 19 4.78
223 23 18 13 40 4 11 2.41
224 23 18 13 91 17 5 10.27
225 23 18 13 56 16 18 1.48
226 23 18 13 1 11 5 12.54
227 23 18 13 8 2 15 8.8
228 24 19 2 49 14 15 7.2
229 24 19 2 108 2 3 1.89
230 24 19 2 91 17 5 12.75
231 24 19 2 159 8 9 6.83
232 24 19 2 45 1 15 6.87
233 24 19 2 15 6 15 7.81
234 24 19 2 98 17 1 4.44
235 24 19 2 16 10 3 9.21
236 24 19 2 10 18 17 4.13
237 24 19 2 107 7 11 4.04
238 24 19 2 149 18 4 4.35
239 24 19 2 101 2 18 1.99
240 24 19 2 28 10 7 11.37
241 24 19 2 95 4 18 4.85
242 25 9 19 185 11 16 5.35
243 26 12 8 32 9 10 7.7
244 26 12 8 30 19 12 7.57
245 27 7 8 155 19 17 5.33
246 27 7 8 76 15 0 5.66
247 27 7 8 198 6 4 4.39
248 27 7 8 166 19 8 4.42
249 27 7 8 161 1 5 5.17
250 28 10 7 90 8 0 1.98
251 28 10 7 5 4 2 2.86
252 28 10 7 24 19 2 1.56
253 28 10 7 72 10 16 3.36
254 28 10 7 195 2 1 1.99
255 28 10 7 69 7 14 3.14
256 28 10 7 106 7 16 9.79
257 28 10 7 41 0 1 6.58
258 28 10 7 38 5 10 3.95
259 29 5 17 35 5 7 6.7
260 29 5 17 1 11 5 11.66
261 29 5 17 192 16 7 9.41
262 29 5 17 41 0 1 5.04
263 29 5 17 90 8 0 2.31
264 29 5 17 117 11 8 10.72
265 29 5 17 66 5 1 5.96
266 29 5 17 136 5 16 6.22
267 29 5 17 122 1 13 3.06
268 29 5 17 96 17 12 4.47
269 30 19 12 82 7 13 7.11
270 30 19 12 72 10 16 3.06
271 30 19 12 121 2 10 4.4
272 30 19 12 134 16 11 3.94
273 30 19 12 122 1 13 4.2
274 30 19 12 40 4 11 3.34
275 30 19 12 187 0 17 10.35
276 30 19 12 120 4 5 12.65
277 31 7 2 181 12 4 5.19
278 31 7 2 184 11 18 4.84
279 31 7 2 157 3 1 4.37
280 31 7 2 16 10 3 8.74
281 31 7 2 81 15 1 5.6
282 31 7 2 179 19 4 5.05
283 31 7 2 186 2 12 4.22
284 31 7 2 132 10 18 6.68
285 31 7 2 131 12 13 2.66
286 31 7 2 155 19 17 4.02
287 31 7 2 44 3 8 8.28
288 32 9 10 117 11 8 10.3
289 32 9 10 150 4 6 6.14
290 32 9 10 186 2 12 3.63
291 33 17 18 32 9 10 7.71
292 33 17 18 153 14 5 8.59
293 33 17 18 93 0 4 10.12
294 33 17 18 129 17 0 2.46
295 33 17 18 80 11 6 10.41
296 33 17 18 132 10 18 8.97
297 33 17 18 162 16 6 5.6
298 33 17 18 11 19 1 2.78
299 33 17 18 6 6 14 5.36
300 33 17 18 90 8 0 2.53
301 33 17 18 109 10 4 9.73
302 33 17 18 142 17 16 5.42
303 33 17 18 165 1 3 2.78
304 34 19 5 119 11 17 0.02
305 35 5 7 111 2 6 5.7
306 36 15 13 58 18 1 4.39
307 36 15 13 167 10 11 6.03
308 36 15 13 129 17 0 2.53
309 36 15 13 115 5 14 4.59
310 36 15 13 95 4 18 3.52
311 36 15 13 29 5 17 10.79
312 36 15 13 54 0 3 8.01
313 36 15 13 114 19 6 3.82
314 36 15 13 69 7 14 3.0
315 36 15 13 118 16 5 4.96
316 36 15 13 15 6 15 6.6
317 36 15 13 8 2 15 9.1
318 36 15 13 150 4 6 7.44
319 36 15 13 51 7 5 9.27
320 36 15 13 119 11 17 0.01
321 37 13 17 6 6 14 6.24
322 37 13 17 1 11 5 9.58
323 37 13 17 105 12 14 3.72
324 37 13 17 29 5 17 11.16
325 37 13 17 119 11 17 0.02
326 38 5 10 99 1 16 2.79
327 38 5 10 120 4 5 12.72
328 38 5 10 10 18 17 5.9
329 38 5 10 177 3 17 3.98
330 38 5 10 0 7 19 1.99
331 38 5 10 113 4 14 3.03
332 38 5 10 135 13 10 1.76
333 38 5 10 82 7 13 8.96
334 38 5 10 8 2 15 6.86
335 38 5 10 144 15 18 7.75
336 38 5 10 103 14 16 4.94
337 39 5 2 117 11 8 9.66
338 39 5 2 8 2 15 7.67
339 39 5 2 166 19 8 4.42
340 39 5 2 140 15 17 4.8
341 39 5 2 127 12 9 9.91
342 39 5 2 147 9 18 3.0
343 39 5 2 54 0 3 6.25
344 39 5 2 132 10 18 6.49
345 40 4 11 156 1 11 4.23
346 40 4 11 22 11 1 6.17
347 40 4 11 84 15 7 8.86
348 41 0 1 187 0 17 7.93
349 41 0 1 149 18 4 4.02
350 41 0 1 1 11 5 8.34
351 41 0 1 23 18 13 1.69
352 41 0 1 4 18 19 2.13
353 41 0 1 50 9 11 1.95
354 41 0 1 78 8 18 5.56
355 42 6 11 195 2 1 1.93
356 42 6 11 148 8 5 1.74
357 42 6 11 104 14 19 2.61
358 42 6 11 175 4 12 7.32
359 42 6 11 9 5 11 10.55
360 42 6 11 180 14 10 5.18
361 42 6 11 147 9 18 3.56
362 42 6 11 46 17 19 5.01
363 42 6 11 11 19 1 2.23
364 42 6 11 94 7 1 4.7
365 42 6 11 29 5 17 9.25
366 42 6 11 4 18 19 1.81
367 42 6 11 79 9 14 1.24
368 42 6 11 154 0 6 4.1
369 42 6 11 164 13 5 5.54
370 42 6 11 77 15 12 3.53
371 42 6 11 63 2 16 2.0
372 43 5 19 152 2 0 6.1
373 43 5 19 147 9 18 3.21
374 43 5 19 129 17 0 2.11
375 43 5 19 24 19 2 1.69
376 43 5 19 7 16 12 3.4
377 43 5 19 87 2 11 3.23
378 43 5 19 70 1 12 0.97
379 44 3 8 145 18 6 6.45
380 44 3 8 12 9 2 1.74
381 44 3 8 71 6 1 3.0
382 44 3 8 49 14 15 6.26
383 44 3 8 88 6 7 8.64
384 44 3 8 18 8 6 1.49
385 44 3 8 191 1 18 3.62
386 44 3 8 131 12 13 2.93
387 44 3 8 177 3 17 5.81
388 44 3 8 59 11 3 8.82
389 44 3 8 64 18 9 3.57
390 44 3 8 148 8 5 1.85
391 45 1 15 61 19 15 6.0
392 45 1 15 148 8 5 2.52
393 45 1 15 185 11 16 4.78
394 45 1 15 199 7 9 3.51
395 45 1 15 163 7 15 10.52
396 45 1 15 149 18 4 5.05
397 45 1 15 54 0 3 7.0
398 45 1 15 51 7 5 6.95
399 45 1 15 147 9 18 4.71
400 45 1 15 48 4 19 4.08
401 45 1 15 84 15 7 10.98
402 45 1 15 103 14 16 5.14
403 45 1 15 12 9 2 1.73
404 45 1 15 5 4 2 2.77
405 45 1 15 177 3 17 5.75
406 45 1 15 110 4 3 1.79
407 46 17 19 75 15 19 8.46
408 46 17 19 168 19 16 7.14
409 46 17 19 174 9 16 3.18
410 46 17 19 101 2 18 1.54
411 46 17 19 33 17 18 6.68
412 46 17 19 132 10 18 6.66
413 46 17 19 194 16 19 4.65
414 46 17 19 49 14 15 5.54
415 46 17 19 89 17 14 3.44
416 46 17 19 12 9 2 2.64
417 46 17 19 43 5 19 4.77
418 46 17 19 199 7 9 4.23
419 46 17 19 100 13 3 6.34
420 46 17 19 38 5 10 4.17
421 46 17 19 105 12 14 3.0
422 47 12 15 123 1 6 3.25
423 47 12 15 48 4 19 3.59
424 47 12 15 174 9 16 3.93
425 47 12 15 137 18 8 7.18
426 47 12 15 159 8 9 8.66
427 47 12 15 16 10 3 9.29
428 47 12 15 7 16 12 3.22
429 47 12 15 44 3 8 9.76
430 47 12 15 124 14 3 0.72
431 47 12 15 171 3 16 5.28
432 48 4 19 3 14 18 3.14
433 48 4 19 65 8 11 8.5
434 48 4 19 2 15 8 7.39
435 48 4 19 145 18 6 6.28
436 48 4 19 132 10 18 6.57
437 48 4 19 9 5 11 6.82
438 48 4 19 199 7 9 3.78
439 48 4 19 116 19 0 5.43
440 48 4 19 52 6 2 6.64
441 48 4 19 6 6 14 6.65
442 48 4 19 31 7 2 3.35
443 48 4 19 141 12 7 6.99
444 48 4 19 110 4 3 2.05
445 48 4 19 84 15 7 9.75
446 50 9 11 119 11 17 0.01
447 51 7 5 149 18 4 3.91
448 51 7 5 34 19 5 5.62
449 52 6 2 10 18 17 5.5
450 52 6 2 80 11 6 6.96
451 52 6 2 169 12 6 4.49
452 52 6 2 165 1 3 3.71
453 52 6 2 156 1 11 4.64
454 52 6 2 109 10 4 8.35
455 52 6 2 137 18 8 7.35
456 52 6 2 198 6 4 5.27
457 52 6 2 74 12 11 4.96
458 52 6 2 94 7 1 5.81
459 52 6 2 141 12 7 5.83
460 52 6 2 176 11 0 7.62
461 52 6 2 66 5 1 4.42
462 52 6 2 43 5 19 3.81
463 52 6 2 166 19 8 3.75
464 52 6 2 56 16 18 1.59
465 52 6 2 136 5 16 6.79
466 53 7 18 123 1 6 3.13
467 53 7 18 170 17 8 7.52
468 53 7 18 125 11 2 3.39
469 53 7 18 116 19 0 5.21
470 53 7 18 138 10 19 4.58
471 53 7 18 60 1 9 2.51
472 53 7 18 150 4 6 7.96
473 53 7 18 26 12 8 4.08
474 53 7 18 173 12 16 2.3
475 53 7 18 101 2 18 1.71
476 53 7 18 77 15 12 3.82
477 53 7 18 166 19 8 3.75
478 53 7 18 153 14 5 6.1
479 54 0 3 86 11 7 6.13
480 54 0 3 135 13 10 2.25
481 54 0 3 53 7 18 1.99
482 54 0 3 75 15 19 8.08
483 54 0 3 90 8 0 2.87
484 54 0 3 29 5 17 9.59
485 55 16 4 189 14 17 2.65
486 55 16 4 171 3 16 4.13
487 55 16 4 20 8 3 7.35
488 55 16 4 23 18 13 1.84
489 55 16 4 8 2 15 9.26
490 55 16 4 59 11 3 6.83
491 55 16 4 52 6 2 4.26
492 55 16 4 197 8 10 5.54
493 56 16 18 111 2 6 4.13
494 56 16 18 103 14 16 4.78
495 56 16 18 159 8 9 6.64
496 56 16 18 25 9 19 4.22
497 56 16 18 187 0 17 10.83
498 56 16 18 117 11 8 8.23
499 56 16 18 155 19 17 5.07
500 56 16 18 17 9 17 1.73
501 56 16 18 139 16 2 6.78
502 56 16 18 148 8 5 1.69
503 56 16 18 170 17 8 10.96
504 57 7 4 134 16 11 5.19
505 57 7 4 158 10 13 1.72
506 57 7 4 126 18 3 2.94
507 57 7 4 199 7 9 4.03
508 57 7 4 115 5 14 5.33
509 57 7 4 156 1 11 4.04
510 57 7 4 133 6 0 3.54
511 57 7 4 95 4 18 4.71
512 57 7 4 55 16 4 5.24
513 58 18 1 133 6 0 3.13
514 58 18 1 149 18 4 3.59
515 58 18 1 26 12 8 5.43
516 58 18 1 10 18 17 4.22
517 58 18 1 146 8 1 4.15
518 58 18 1 41 0 1 5.75
519 58 18 1 139 16 2 5.36
520 58 18 1 23 18 13 1.44
521 59 11 3 43 5 19 4.51
522 59 11 3 82 7 13 10.45
523 59 11 3 183 15 14 7.76
524 59 11 3 100 13 3 4.84
525 59 11 3 103 14 16 3.77
526 59 11 3 74 12 11 4.0
527 59 11 3 39 5 2 5.7
528 59 11 3 8 2 15 7.62
529 60 1 9 101 2 18 1.31
530 60 1 9 93 0 4 10.19
531 60 1 9 199 7 9 4.85
532 61 19 15 50 9 11 2.44
533 61 19 15 185 11 16 4.94
534 61 19 15 125 11 2 4.33
535 61 19 15 196 10 0 1.97
536 62 9 1 21 9 8 8.53
537 62 9 1 75 15 19 9.72
538 62 9 1 196 10 0 2.15
539 62 9 1 16 10 3 8.76
540 62 9 1 29 5 17 10.36
541 62 9 1 56 16 18 1.44
542 62 9 1 35 5 7 8.2
543 62 9 1 47 12 15 3.66
544 62 9 1 185 11 16 4.74
545 62 9 1 52 6 2 5.09
546 62 9 1 151 11 19 6.14
547 62 9 1 55 16 4 7.8
548 62 9 1 40 4 11 2.81
549 62 9 1 138 10 19 5.41
550 62 9 1 90 8 0 2.61
551 62 9 1 110 4 3 1.97
552 63 2 16 101 2 18 1.53
553 63 2 16 3 14 18 2.5
554 63 2 16 39 5 2 8.36
555 63 2 16 74 12 11 3.77
556 63 2 16 174 9 16 4.57
557 63 2 16 47 12 15 4.33
558 63 2 16 147 9 18 3.01
559 63 2 16 124 14 3 0.92
560 63 2 16 33 17 18 5.86
561 63 2 16 130 13 7 10.94
562 63 2 16 187 0 17 11.35
563 63 2 16 26 12 8 3.44
564 63 2 16 134 16 11 5.89
565 63 2 16 117 11 8 9.55
566 64 18 9 161 1 5 3.74
567 64 18 9 106 7 16 6.26
568 64 18 9 171 3 16 6.08
569 64 18 9 186 2 12 4.37
570 64 18 9 193 0 8 2.53
571 64 18 9 143 15 3 6.89
572 64 18 9 196 10 0 1.55
573 64 18 9 165 1 3 3.97
574 64 18 9 73 19 10 6.78
575 64 18 9 135 13 10 2.54
576 64 18 9 68 14 2 4.01
577 64 18 9 23 18 13 1.86
578 64 18 9 87 2 11 4.14
579 64 18 9 156 1 11 5.17
580 64 18 9 155 19 17 5.88
581 65 8 11 159 8 9 8.84
582 65 8 11 189 14 17 3.21
583 65 8 11 131 12 13 3.51
584 66 5 1 180 14 10 7.58
585 66 5 1 6 6 14 6.79
586 66 5 1 129 17 0 2.76
587 66 5 1 5 4 2 3.49
588 66 5 1 30 19 12 8.6
589 66 5 1 168 19 16 6.34
590 66 5 1 15 6 15 9.03
591 67 15 5 87 2 11 3.37
592 67 15 5 187 0 17 11.53
593 67 15 5 0 7 19 2.16
594 67 15 5 62 9 1 3.16
595 67 15 5 171 3 16 4.76
596 67 15 5 90 8 0 2.03
597 67 15 5 121 2 10 6.79
598 67 15 5 149 18 4 3.64
599 67 15 5 47 12 15 3.33
600 67 15 5 106 7 16 6.89
601 68 14 2 173 12 16 3.17
602 68 14 2 175 4 12 6.46
603 68 14 2 47 12 15 3.61
604 68 14 2 5 4 2 3.45
605 68 14 2 13 12 17 5.17
606 68 14 2 184 11 18 4.02
607 68 14 2 24 19 2 1.8
608 68 14 2 30 19 12 5.82
609 68 14 2 43 5 19 4.4
610 68 14 2 99 1 16 2.66
611 68 14 2 113 4 14 2.56
612 68 14 2 39 5 2 7.4
613 68 14 2 37 13 17 8.1
614 68 14 2 197 8 10 3.52
615 68 14 2 185 11 16 3.95
616 68 14 2 177 3 17 6.49
617 69 7 14 55 16 4 5.22
618 69 7 14 79 9 14 1.63
619 69 7 14 78 8 18 4.89
620 69 7 14 86 11 7 4.32
621 70 1 12 68 14 2 5.42
622 70 1 12 61 19 15 7.47
623 70 1 12 132 10 18 6.67
624 71 6 1 88 6 7 6.93
625 71 6 1 46 17 19 5.03
626 71 6 1 171 3 16 4.05
627 71 6 1 117 11 8 10.54
628 71 6 1 177 3 17 4.01
629 71 6 1 72 10 16 4.5
630 71 6 1 164 13 5 5.35
631 72 10 16 65 8 11 9.7
632 72 10 16 165 1 3 4.05
633 72 10 16 13 12 17 4.82
634 72 10 16 161 1 5 4.68
635 72 10 16 43 5 19 4.77
636 72 10 16 184 11 18 4.3
637 73 19 10 79 9 14 1.33
638 73 19 10 95 4 18 3.25
639 73 19 10 44 3 8 8.86
640 73 19 10 162 16 6 8.68
641 73 19 10 21 9 8 6.6
642 73 19 10 88 6 7 7.39
643 73 19 10 35 5 7 9.81
644 74 12 11 153 14 5 8.58
645 74 12 11 163 7 15 11.02
646 74 12 11 159 8 9 8.14
647 74 12 11 142 17 16 5.5
648 74 12 11 62 9 1 2.91
649 74 12 11 191 1 18 3.51
650 74 12 11 19 13 16 1.8
651 74 12 11 17 9 17 1.77
652 74 12 11 174 9 16 4.12
653 74 12 11 143 15 3 5.71
654 74 12 11 183 15 14 6.01
655 74 12 11 140 15 17 7.6
656 74 12 11 4 18 19 1.84
657 74 12 11 49 14 15 5.33
658 74 12 11 73 19 10 5.66
659 74 12 11 115 5 14 4.1
660 74 12 11 89 17 14 2.64
661 75 15 19 67 15 5 7.02
662 75 15 19 116 19 0 4.42
663 75 15 19 22 11 1 4.18
664 75 15 19 60 1 9 3.03
665 75 15 19 172 4 8 4.67
666 75 15 19 183 15 14 8.47
667 75 15 19 153 14 5 6.46
668 75 15 19 173 12 16 2.46
669 75 15 19 5 4 2 2.53
670 75 15 19 114 19 6 3.02
671 75 15 19 7 16 12 2.38
672 75 15 19 139 16 2 7.16
673 75 15 19 161 1 5 5.3
674 75 15 19 66 5 1 4.53
675 75 15 19 17 9 17 2.18
676 75 15 19 184 11 18 3.95
677 76 15 0 100 13 3 5.3
678 76 15 0 143 15 3 7.1
679 76 15 0 91 17 5 10.11
680 76 15 0 190 16 14 4.28
681 76 15 0 16 10 3 8.96
682 76 15 0 13 12 17 5.79
683 76 15 0 122 1 13 2.94
684 76 15 0 150 4 6 6.92
685 76 15 0 142 17 16 5.24
686 76 15 0 5 4 2 3.36
687 76 15 0 88 6 7 6.0
688 76 15 0 187 0 17 11.19
689 76 15 0 64 18 9 3.59
690 76 15 0 135 13 10 1.93
691 77 15 12 91 17 5 11.71
692 77 15 12 195 2 1 2.11
693 77 15 12 127 12 9 7.1
694 77 15 12 79 9 14 1.59
695 77 15 12 100 13 3 6.47
696 77 15 12 81 15 1 5.21
697 77 15 12 48 4 19 5.45
698 77 15 12 1 11 5 11.26
699 77 15 12 80 11 6 8.81
700 77 15 12 165 1 3 3.5
701 77 15 12 183 15 14 5.38
702 77 15 12 152 2 0 6.25
703 77 15 12 126 18 3 2.59
704 77 15 12 111 2 6 5.73
705 77 15 12 7 16 12 2.82
706 77 15 12 160 15 6 2.21
707 78 8 18 191 1 18 3.66
708 78 8 18 12 9 2 1.96
709 78 8 18 179 19 4 4.34
710 79 9 14 179 19 4 5.9
711 79 9 14 97 3 5 7.33
712 79 9 14 158 10 13 2.23
713 79 9 14 197 8 10 5.41
714 79 9 14 155 19 17 5.34
715 79 9 14 71 6 1 3.43
716 79 9 14 124 14 3 0.78
717 79 9 14 123 1 6 3.69
718 79 9 14 154 0 6 3.6
719 79 9 14 49 14 15 7.64
720 79 9 14 16 10 3 6.3
721 79 9 14 31 7 2 3.76
722 79 9 14 12 9 2 2.68
723 80 11 6 188 10 17 8.99
724 80 11 6 136 5 16 8.36
725 80 11 6 2 15 8 6.42
726 80 11 6 20 8 3 9.79
727 80 11 6 8 2 15 7.51
728 80 11 6 140 15 17 6.37
729 80 11 6 115 5 14 6.45
730 80 11 6 194 16 19 5.05
731 80 11 6 39 5 2 6.66
732 80 11 6 12 9 2 1.7
733 80 11 6 186 2 12 4.33
734 80 11 6 60 1 9 2.88
735 80 11 6 187 0 17 11.03
736 80 11 6 103 14 16 5.94
737 80 11 6 107 7 11 5.41
738 80 11 6 92 18 12 5.16
739 80 11 6 139 16 2 5.11
740 81 15 1 17 9 17 2.1
741 81 15 1 117 11 8 9.02
742 81 15 1 9 5 11 9.6
743 81 15 1 136 5 16 7.51
744 81 15 1 11 19 1 1.82
745 81 15 1 38 5 10 4.29
746 82 7 13 175 4 12 7.32
747 82 7 13 20 8 3 6.77
748 82 7 13 132 10 18 7.25
749 82 7 13 96 17 12 4.76
750 82 7 13 103 14 16 4.97
751 82 7 13 79 9 14 1.4
752 82 7 13 6 6 14 5.16
753 82 7 13 5 4 2 2.64
754 82 7 13 168 19 16 7.22
755 82 7 13 197 8 10 5.22
756 82 7 13 69 7 14 3.49
757 82 7 13 147 9 18 3.78
758 82 7 13 148 8 5 2.14
759 82 7 13 133 6 0 4.99
760 83 18 14 60 1 9 3.66
761 83 18 14 127 12 9 6.7
762 83 18 14 185 11 16 5.27
763 83 18 14 96 17 12 5.5
764 83 18 14 126 18 3 3.11
765 83 18 14 23 18 13 1.58
766 83 18 14 140 15 17 6.39
767 84 15 7 44 3 8 7.39
768 84 15 7 182 9 15 6.03
769 84 15 7 155 19 17 4.66
770 84 15 7 162 16 6 8.58
771 84 15 7 128 11 14 2.62
772 84 15 7 113 4 14 3.13
773 84 15 7 164 13 5 4.84
774 84 15 7 59 11 3 9.04
775 84 15 7 158 10 13 2.71
776 84 15 7 64 18 9 3.73
777 85 13 9 164 13 5 5.16
778 85 13 9 71 6 1 3.41
779 85 13 9 178 5 4 8.7
780 85 13 9 74 12 11 4.07
781 86 11 7 123 1 6 4.09
782 86 11 7 79 9 14 1.06
783 86 11 7 112 8 7 8.88
784 86 11 7 81 15 1 4.48
785 87 2 11 0 7 19 1.99
786 87 2 11 191 1 18 3.55
787 87 2 11 179 19 4 3.98
788 87 2 11 80 11 6 9.79
789 87 2 11 140 15 17 7.59
790 87 2 11 117 11 8 7.93
791 87 2 11 178 5 4 11.78
792 87 2 11 169 12 6 3.53
793 87 2 11 161 1 5 3.77
794 87 2 11 36 15 13 1.78
795 87 2 11 165 1 3 3.95
796 87 2 11 133 6 0 3.75
797 87 2 11 144 15 18 6.63
798 87 2 11 163 7 15 12.36
799 87 2 11 129 17 0 2.32
800 87 2 11 158 10 13 1.82
801 87 2 11 12 9 2 1.81
802 88 6 7 199 7 9 4.62
803 88 6 7 152 2 0 7.57
804 88 6 7 100 13 3 5.19
805 88 6 7 160 15 6 1.81
806 88 6 7 150 4 6 6.92
807 88 6 7 44 3 8 6.89
808 88 6 7 117 11 8 10.88
809 88 6 7 72 10 16 4.44
810 88 6 7 55 16 4 8.2
811 88 6 7 185 11 16 4.21
812 88 6 7 1 11 5 8.32
813 88 6 7 80 11 6 9.86
814 88 6 7 26 12 8 5.17
815 88 6 7 108 2 3 2.13
816 88 6 7 107 7 11 4.31
817 88 6 7 98 17 1 4.54
818 88 6 7 103 14 16 3.86
819 88 6 7 82 7 13 9.96
820 89 17 14 84 15 7 10.04
821 89 17 14 83 18 14 2.77
822 90 8 0 55 16 4 8.09
823 90 8 0 81 15 1 5.82
824 90 8 0 96 17 12 3.93
825 90 8 0 177 3 17 6.38
826 90 8 0 1 11 5 7.69
827 90 8 0 30 19 12 7.09
828 90 8 0 186 2 12 3.91
829 90 8 0 182 9 15 6.4
830 91 17 5 82 7 13 7.77
831 91 17 5 20 8 3 6.63
832 91 17 5 38 5 10 3.85
833 91 17 5 113 4 14 3.14
834 92 18 12 57 7 4 2.12
835 92 18 12 67 15 5 5.85
836 92 18 12 106 7 16 7.7
837 93 0 4 98 17 1 4.8
838 93 0 4 165 1 3 2.81
839 93 0 4 121 2 10 6.43
840 93 0 4 118 16 5 5.42
841 93 0 4 111 2 6 5.1
842 93 0 4 138 10 19 4.87
843 93 0 4 153 14 5 8.03
844 93 0 4 188 10 17 6.11
845 93 0 4 59 11 3 7.79
846 93 0 4 31 7 2 3.37
847 94 7 1 147 9 18 2.91
848 94 7 1 43 5 19 3.94
849 94 7 1 118 16 5 6.39
850 94 7 1 21 9 8 7.41
851 94 7 1 27 7 8 9.56
852 94 7 1 192 16 7 7.97
853 94 7 1 87 2 11 3.94
854 94 7 1 86 11 7 5.37
855 94 7 1 115 5 14 4.2
856 94 7 1 33 17 18 6.01
857 94 7 1 50 9 11 2.66
858 94 7 1 53 7 18 2.51
859 94 7 1 58 18 1 3.36
860 94 7 1 71 6 1 3.85
861 94 7 1 45 1 15 5.4
862 94 7 1 141 12 7 5.18
863 94 7 1 56 16 18 1.64
864 94 7 1 20 8 3 9.19
865 95 4 18 182 9 15 4.46
866 95 4 18 127 12 9 7.03
867 95 4 18 10 18 17 6.42
868 95 4 18 64 18 9 5.01
869 95 4 18 69 7 14 2.73
870 95 4 18 106 7 16 7.09
871 95 4 18 83 18 14 3.06
872 95 4 18 96 17 12 4.64
873 95 4 18 107 7 11 5.1
874 95 4 18 119 11 17 0.02
875 95 4 18 31 7 2 3.68
876 95 4 18 52 6 2 5.03
877 95 4 18 42 6 11 8.17
878 95 4 18 161 1 5 5.64
879 95 4 18 109 10 4 8.99
880 96 17 12 64 18 9 4.75
881 96 17 12 71 6 1 3.31
882 97 3 5 101 2 18 2.0
883 97 3 5 31 7 2 2.6
884 97 3 5 0 7 19 2.66
885 97 3 5 132 10 18 7.61
886 98 17 1 22 11 1 6.31
887 98 17 1 133 6 0 3.4
888 98 17 1 118 16 5 6.24
889 98 17 1 104 14 19 2.97
890 98 17 1 58 18 1 4.06
891 99 1 16 165 1 3 3.49
892 99 1 16 97 3 5 9.71
893 100 13 3 120 4 5 8.35
894 100 13 3 109 10 4 7.65
895 100 13 3 103 14 16 4.16
896 100 13 3 177 3 17 4.24
897 100 13 3 198 6 4 4.23
898 101 2 18 7 16 12 3.5
899 101 2 18 19 13 16 1.36
900 101 2 18 78 8 18 4.86
901 101 2 18 69 7 14 2.38
902 101 2 18 128 11 14 3.07
903 101 2 18 38 5 10 3.93
904 101 2 18 29 5 17 10.75
905 101 2 18 10 18 17 5.8
906 101 2 18 51 7 5 6.7
907 101 2 18 75 15 19 8.92
908 101 2 18 52 6 2 6.61
909 102 1 2 196 10 0 2.22
910 102 1 2 190 16 14 5.69
911 102 1 2 78 8 18 5.57
912 102 1 2 141 12 7 5.29
913 102 1 2 193 0 8 2.26
914 102 1 2 89 17 14 3.78
915 102 1 2 46 17 19 4.69
916 102 1 2 37 13 17 5.29
917 102 1 2 61 19 15 7.37
918 103 14 16 154 0 6 4.34
919 103 14 16 91 17 5 11.16
920 103 14 16 47 12 15 5.33
921 103 14 16 52 6 2 4.89
922 103 14 16 140 15 17 5.74
923 103 14 16 71 6 1 3.94
924 103 14 16 72 10 16 3.59
925 103 14 16 148 8 5 2.36
926 103 14 16 153 14 5 7.55
927 103 14 16 85 13 9 5.13
928 103 14 16 92 18 12 5.13
929 103 14 16 40 4 11 2.89
930 103 14 16 106 7 16 7.25
931 103 14 16 171 3 16 4.06
932 104 14 19 28 10 7 9.99
933 105 12 14 86 11 7 4.19
934 105 12 14 17 9 17 2.76
935 105 12 14 37 13 17 5.51
936 105 12 14 154 0 6 3.92
937 105 12 14 35 5 7 9.01
938 105 12 14 142 17 16 3.42
939 105 12 14 155 19 17 4.35
940 106 7 16 90 8 0 2.74
941 106 7 16 8 2 15 7.14
942 106 7 16 145 18 6 4.23
943 106 7 16 46 17 19 6.73
944 106 7 16 4 18 19 2.1
945 106 7 16 148 8 5 1.8
946 106 7 16 135 13 10 2.5
947 106 7 16 69 7 14 2.98
948 106 7 16 45 1 15 8.33
949 106 7 16 131 12 13 3.25
950 106 7 16 57 7 4 2.33
951 107 7 11 36 15 13 1.53
952 107 7 11 57 7 4 1.55
953 107 7 11 50 9 11 1.99
954 107 7 11 74 12 11 4.82
955 107 7 11 32 9 10 6.02
956 107 7 11 95 4 18 3.91
957 107 7 11 104 14 19 3.07
958 107 7 11 119 11 17 0.01
959 107 7 11 103 14 16 4.6
960 107 7 11 123 1 6 3.67
961 107 7 11 4 18 19 1.48
962 107 7 11 147 9 18 4.51
963 107 7 11 131 12 13 2.42
964 107 7 11 183 15 14 6.32
965 107 7 11 133 6 0 4.92
966 107 7 11 173 12 16 2.45
967 107 7 11 47 12 15 4.11
968 107 7 11 99 1 16 4.13
969 108 2 3 65 8 11 8.83
970 108 2 3 96 17 12 5.19
971 108 2 3 190 16 14 5.63
972 108 2 3 8 2 15 9.22
973 108 2 3 32 9 10 6.31
974 108 2 3 177 3 17 5.5
975 108 2 3 39 5 2 6.75
976 108 2 3 81 15 1 5.85
977 108 2 3 83 18 14 3.03
978 108 2 3 113 4 14 2.99
979 108 2 3 46 17 19 5.67
980 108 2 3 30 19 12 6.59
981 108 2 3 117 11 8 10.88
982 108 2 3 172 4 8 7.01
983 108 2 3 135 13 10 1.7
984 108 2 3 158 10 13 1.81
985 108 2 3 50 9 11 1.96
986 109 10 4 114 19 6 3.11
987 109 10 4 34 19 5 5.15
988 109 10 4 31 7 2 3.4
989 109 10 4 48 4 19 3.61
990 109 10 4 117 11 8 10.82
991 109 10 4 154 0 6 4.22
992 109 10 4 62 9 1 2.76
993 109 10 4 130 13 7 9.94
994 109 10 4 0 7 19 2.83
995 109 10 4 102 1 2 2.26
996 109 10 4 3 14 18 3.03
997 109 10 4 143 15 3 6.19
998 109 10 4 156 1 11 4.65
999 109 10 4 178 5 4 8.31
1000 109 10 4 1 11 5 10.75
1001 109 10 4 99 1 16 3.9
1002 109 10 4 17 9 17 2.47
1003 110 4 3 23 18 13 1.96
1004 110 4 3 35 5 7 8.12
1005 110 4 3 145 18 6 5.27
1006 110 4 3 184 11 18 6.4
1007 110 4 3 129 17 0 2.43
1008 110 4 3 39 5 2 6.82
1009 110 4 3 120 4 5 9.79
1010 110 4 3 6 6 14 4.24
1011 110 4 3 132 10 18 9.12
1012 110 4 3 20 8 3 6.24
1013 110 4 3 25 9 19 4.52
1014 110 4 3 3 14 18 2.76
1015 111 2 6 113 4 14 3.0
1016 111 2 6 14 5 6 2.33
1017 111 2 6 116 19 0 4.51
1018 111 2 6 66 5 1 5.39
1019 111 2 6 110 4 3 1.44
1020 111 2 6 133 6 0 4.92
1021 111 2 6 98 17 1 6.49
1022 111 2 6 5 4 2 3.27
1023 111 2 6 121 2 10 6.41
1024 111 2 6 166 19 8 5.07
1025 111 2 6 40 4 11 3.27
1026 111 2 6 68 14 2 5.52
1027 111 2 6 24 19 2 2.31
1028 111 2 6 148 8 5 2.48
1029 111 2 6 174 9 16 4.33
1030 113 4 14 17 9 17 1.7
1031 113 4 14 87 2 11 3.6
1032 113 4 14 141 12 7 7.42
1033 113 4 14 56 16 18 1.35
1034 113 4 14 12 9 2 2.02
1035 113 4 14 154 0 6 3.23
1036 113 4 14 170 17 8 8.82
1037 113 4 14 80 11 6 7.85
1038 113 4 14 16 10 3 7.35
1039 113 4 14 185 11 16 5.29
1040 113 4 14 191 1 18 3.64
1041 113 4 14 187 0 17 7.17
1042 113 4 14 95 4 18 4.63
1043 113 4 14 15 6 15 6.49
1044 114 19 6 23 18 13 2.0
1045 114 19 6 129 17 0 2.43
1046 114 19 6 178 5 4 9.61
1047 114 19 6 124 14 3 0.75
1048 114 19 6 180 14 10 6.83
1049 115 5 14 54 0 3 9.85
1050 115 5 14 144 15 18 8.87
1051 115 5 14 3 14 18 2.42
1052 115 5 14 99 1 16 3.62
1053 115 5 14 142 17 16 4.53
1054 115 5 14 156 1 11 4.07
1055 115 5 14 145 18 6 5.1
1056 115 5 14 176 11 0 9.07
1057 115 5 14 95 4 18 3.66
1058 115 5 14 89 17 14 3.94
1059 115 5 14 68 14 2 4.44
1060 115 5 14 104 14 19 2.37
1061 115 5 14 119 11 17 0.01
1062 115 5 14 10 18 17 4.23
1063 115 5 14 120 4 5 9.38
1064 116 19 0 147 9 18 3.33
1065 116 19 0 134 16 11 5.03
1066 116 19 0 199 7 9 4.92
1067 116 19 0 47 12 15 5.4
1068 116 19 0 95 4 18 3.19
1069 116 19 0 165 1 3 4.24
1070 116 19 0 158 10 13 1.73
1071 116 19 0 110 4 3 1.29
1072 116 19 0 98 17 1 5.98
1073 116 19 0 130 13 7 8.97
1074 116 19 0 7 16 12 2.79
1075 116 19 0 101 2 18 2.12
1076 116 19 0 124 14 3 1.01
1077 116 19 0 48 4 19 5.05
1078 116 19 0 139 16 2 5.33
1079 116 19 0 115 5 14 5.64
1080 117 11 8 76 15 0 4.32
1081 117 11 8 190 16 14 5.23
1082 117 11 8 192 16 7 7.84
1083 117 11 8 84 15 7 8.87
1084 117 11 8 7 16 12 3.26
1085 118 16 5 152 2 0 6.18
1086 118 16 5 21 9 8 7.79
1087 118 16 5 175 4 12 5.43
1088 118 16 5 176 11 0 7.36
1089 119 11 17 79 9 14 1.16
1090 119 11 17 29 5 17 9.98
1091 120 4 5 155 19 17 5.55
1092 120 4 5 183 15 14 5.32
1093 120 4 5 54 0 3 6.89
1094 120 4 5 150 4 6 9.66
1095 120 4 5 49 14 15 5.88
1096 120 4 5 65 8 11 7.07
1097 121 2 10 15 6 15 7.85
1098 121 2 10 94 7 1 6.5
1099 121 2 10 139 16 2 7.25
1100 121 2 10 95 4 18 3.7
1101 121 2 10 170 17 8 11.42
1102 121 2 10 182 9 15 6.09
1103 121 2 10 35 5 7 10.25
1104 121 2 10 189 14 17 4.17
1105 121 2 10 126 18 3 3.05
1106 121 2 10 124 14 3 1.0
1107 121 2 10 134 16 11 4.26
1108 121 2 10 74 12 11 4.76
1109 121 2 10 31 7 2 2.46
1110 121 2 10 81 15 1 3.92
1111 121 2 10 82 7 13 8.04
1112 121 2 10 56 16 18 1.37
1113 121 2 10 87 2 11 4.87
1114 121 2 10 125 11 2 4.06
1115 121 2 10 53 7 18 2.91
1116 122 1 13 43 5 19 5.38
1117 122 1 13 48 4 19 5.25
1118 122 1 13 56 16 18 1.35
1119 122 1 13 37 13 17 5.33
1120 122 1 13 73 19 10 5.77
1121 122 1 13 196 10 0 2.36
1122 122 1 13 9 5 11 7.19
1123 122 1 13 29 5 17 9.7
1124 122 1 13 117 11 8 8.84
1125 123 1 6 18 8 6 1.96
1126 123 1 6 189 14 17 3.77
1127 123 1 6 174 9 16 3.8
1128 123 1 6 34 19 5 3.58
1129 123 1 6 172 4 8 4.94
1130 124 14 3 45 1 15 6.77
1131 124 14 3 119 11 17 0.01
1132 124 14 3 145 18 6 6.56
1133 124 14 3 105 12 14 3.03
1134 124 14 3 69 7 14 2.86
1135 124 14 3 77 15 12 3.38
1136 124 14 3 9 5 11 8.76
1137 124 14 3 74 12 11 4.08
1138 124 14 3 155 19 17 4.29
1139 124 14 3 127 12 9 6.53
1140 124 14 3 153 14 5 8.27
1141 124 14 3 95 4 18 3.41
1142 124 14 3 179 19 4 5.11
1143 124 14 3 186 2 12 3.03
1144 124 14 3 193 0 8 2.15
1145 125 11 2 74 12 11 4.8
1146 125 11 2 120 4 5 9.39
1147 125 11 2 199 7 9 4.9
1148 125 11 2 152 2 0 7.36
1149 125 11 2 167 10 11 6.21
1150 125 11 2 194 16 19 6.4
1151 125 11 2 141 12 7 6.21
1152 125 11 2 49 14 15 5.52
1153 125 11 2 110 4 3 1.59
1154 125 11 2 129 17 0 2.31
1155 125 11 2 72 10 16 3.91
1156 125 11 2 93 0 4 9.27
1157 125 11 2 2 15 8 7.71
1158 125 11 2 6 6 14 6.23
1159 125 11 2 54 0 3 8.58
1160 125 11 2 135 13 10 2.66
1161 125 11 2 60 1 9 2.99
1162 126 18 3 10 18 17 5.68
1163 126 18 3 187 0 17 9.92
1164 126 18 3 109 10 4 9.75
1165 126 18 3 171 3 16 5.11
1166 126 18 3 197 8 10 5.32
1167 127 12 9 189 14 17 3.76
1168 127 12 9 83 18 14 2.35
1169 127 12 9 158 10 13 2.07
1170 127 12 9 116 19 0 4.32
1171 127 12 9 11 19 1 2.37
1172 127 12 9 32 9 10 5.78
1173 127 12 9 138 10 19 5.55
1174 128 11 14 55 16 4 7.08
1175 128 11 14 115 5 14 5.16
1176 128 11 14 127 12 9 6.81
1177 128 11 14 49 14 15 6.23
1178 128 11 14 158 10 13 2.01
1179 128 11 14 1 11 5 12.31
1180 128 11 14 97 3 5 6.42
1181 128 11 14 29 5 17 7.79
1182 129 17 0 80 11 6 9.29
1183 129 17 0 105 12 14 3.55
1184 129 17 0 140 15 17 5.54
1185 131 12 13 10 18 17 5.66
1186 131 12 13 147 9 18 4.12
1187 131 12 13 17 9 17 1.79
1188 131 12 13 9 5 11 11.04
1189 131 12 13 112 8 7 10.41
1190 131 12 13 102 1 2 1.94
1191 131 12 13 113 4 14 3.13
1192 131 12 13 53 7 18 2.62
1193 131 12 13 177 3 17 5.29
1194 131 12 13 159 8 9 8.45
1195 131 12 13 161 1 5 4.21
1196 131 12 13 151 11 19 5.81
1197 131 12 13 122 1 13 3.32
1198 131 12 13 142 17 16 3.37
1199 132 10 18 42 6 11 7.58
1200 132 10 18 140 15 17 5.23
1201 132 10 18 3 14 18 3.29
1202 132 10 18 64 18 9 4.2
1203 132 10 18 75 15 19 7.12
1204 132 10 18 191 1 18 4.68
1205 132 10 18 59 11 3 7.56
1206 132 10 18 138 10 19 6.17
1207 132 10 18 197 8 10 4.91
1208 132 10 18 77 15 12 3.88
1209 132 10 18 180 14 10 7.53
1210 133 6 0 110 4 3 1.87
1211 133 6 0 152 2 0 5.6
1212 133 6 0 186 2 12 4.22
1213 133 6 0 67 15 5 5.02
1214 133 6 0 56 16 18 1.9
1215 133 6 0 185 11 16 5.16
1216 134 16 11 13 12 17 4.05
1217 134 16 11 54 0 3 9.46
1218 134 16 11 71 6 1 3.58
1219 134 16 11 61 19 15 6.66
1220 134 16 11 17 9 17 2.3
1221 134 16 11 44 3 8 9.61
1222 135 13 10 67 15 5 6.7
1223 135 13 10 184 11 18 5.54
1224 135 13 10 25 9 19 3.83
1225 135 13 10 70 1 12 1.36
1226 136 5 16 42 6 11 11.15
1227 136 5 16 181 12 4 5.37
1228 137 18 8 125 11 2 4.32
1229 137 18 8 81 15 1 6.05
1230 137 18 8 149 18 4 4.41
1231 137 18 8 95 4 18 4.19
1232 137 18 8 25 9 19 3.9
1233 137 18 8 42 6 11 10.75
1234 137 18 8 180 14 10 7.67
1235 137 18 8 7 16 12 3.0
1236 137 18 8 37 13 17 7.05
1237 137 18 8 74 12 11 5.09
1238 137 18 8 89 17 14 2.59
1239 137 18 8 46 17 19 4.49
1240 137 18 8 38 5 10 3.85
1241 137 18 8 11 19 1 1.94
1242 137 18 8 84 15 7 8.82
1243 137 18 8 36 15 13 1.29
1244 137 18 8 44 3 8 6.04
1245 138 10 19 57 7 4 1.54
1246 138 10 19 124 14 3 0.83
1247 138 10 19 171 3 16 4.03
1248 138 10 19 147 9 18 3.54
1249 138 10 19 32 9 10 7.41
1250 138 10 19 144 15 18 10.29
1251 138 10 19 175 4 12 5.97
1252 138 10 19 131 12 13 2.69
1253 138 10 19 119 11 17 0.01
1254 138 10 19 97 3 5 7.46
1255 140 15 17 7 16 12 3.23
1256 140 15 17 73 19 10 6.15
1257 140 15 17 66 5 1 6.13
1258 140 15 17 43 5 19 4.23
1259 140 15 17 126 18 3 3.57
1260 140 15 17 31 7 2 3.44
1261 140 15 17 34 19 5 5.72
1262 140 15 17 176 11 0 10.14
1263 140 15 17 3 14 18 2.3
1264 140 15 17 187 0 17 9.02
1265 140 15 17 195 2 1 1.94
1266 140 15 17 161 1 5 5.56
1267 141 12 7 155 19 17 6.48
1268 141 12 7 30 19 12 5.44
1269 141 12 7 94 7 1 6.4
1270 141 12 7 84 15 7 11.4
1271 141 12 7 142 17 16 3.9
1272 141 12 7 21 9 8 5.92
1273 141 12 7 161 1 5 3.56
1274 141 12 7 119 11 17 0.01
1275 141 12 7 154 0 6 4.02
1276 141 12 7 170 17 8 10.17
1277 141 12 7 160 15 6 2.27
1278 141 12 7 52 6 2 6.82
1279 141 12 7 174 9 16 3.89
1280 141 12 7 32 9 10 5.95
1281 142 17 16 187 0 17 10.14
1282 142 17 16 109 10 4 10.78
1283 142 17 16 160 15 6 2.14
1284 142 17 16 56 16 18 1.9
1285 142 17 16 181 12 4 6.37
1286 142 17 16 87 2 11 3.04
1287 142 17 16 155 19 17 5.57
1288 142 17 16 0 7 19 2.09
1289 142 17 16 191 1 18 4.76
1290 142 17 16 55 16 4 5.54
1291 142 17 16 194 16 19 6.85
1292 142 17 16 6 6 14 5.19
1293 142 17 16 71 6 1 3.94
1294 142 17 16 25 9 19 3.97
1295 142 17 16 95 4 18 4.67
1296 143 15 3 7 16 12 3.42
1297 144 15 18 120 4 5 9.35
1298 144 15 18 98 17 1 4.75
1299 144 15 18 147 9 18 3.07
1300 144 15 18 59 11 3 5.68
1301 144 15 18 130 13 7 8.63
1302 145 18 6 51 7 5 6.54
1303 145 18 6 79 9 14 1.38
1304 145 18 6 99 1 16 3.78
1305 145 18 6 65 8 11 9.32
1306 145 18 6 124 14 3 1.0
1307 145 18 6 115 5 14 5.28
1308 145 18 6 7 16 12 3.48
1309 145 18 6 138 10 19 5.65
1310 145 18 6 158 10 13 2.67
1311 145 18 6 114 19 6 2.98
1312 146 8 1 111 2 6 5.44
1313 146 8 1 18 8 6 1.43
1314 146 8 1 28 10 7 8.16
1315 146 8 1 152 2 0 8.39
1316 146 8 1 130 13 7 9.97
1317 146 8 1 50 9 11 2.08
1318 147 9 18 125 11 2 4.42
1319 147 9 18 43 5 19 5.48
1320 147 9 18 154 0 6 2.98
1321 147 9 18 39 5 2 7.39
1322 147 9 18 100 13 3 5.33
1323 147 9 18 135 13 10 1.7
1324 148 8 5 11 19 1 1.92
1325 148 8 5 184 11 18 6.38
1326 148 8 5 96 17 12 6.46
1327 148 8 5 100 13 3 7.0
1328 149 18 4 30 19 12 5.5
1329 149 18 4 135 13 10 2.07
1330 150 4 6 8 2 15 9.24
1331 151 11 19 70 1 12 1.45
1332 152 2 0 132 10 18 9.13
1333 152 2 0 115 5 14 4.36
1334 152 2 0 185 11 16 4.98
1335 152 2 0 109 10 4 6.9
1336 152 2 0 13 12 17 5.28
1337 152 2 0 110 4 3 1.94
1338 152 2 0 155 19 17 5.17
1339 152 2 0 140 15 17 7.21
1340 153 14 5 128 11 14 3.5
1341 153 14 5 198 6 4 4.91
1342 153 14 5 192 16 7 6.02
1343 153 14 5 14 5 6 1.67
1344 153 14 5 43 5 19 5.49
1345 153 14 5 183 15 14 6.82
1346 153 14 5 86 11 7 5.54
1347 153 14 5 101 2 18 1.51
1348 153 14 5 44 3 8 9.11
1349 153 14 5 45 1 15 6.39
1350 153 14 5 105 12 14 4.07
1351 153 14 5 184 11 18 5.37
1352 153 14 5 163 7 15 10.68
1353 153 14 5 127 12 9 6.49
1354 154 0 6 181 12 4 5.57
1355 154 0 6 92 18 12 3.67
1356 154 0 6 152 2 0 7.69
1357 154 0 6 96 17 12 5.43
1358 154 0 6 22 11 1 5.98
1359 154 0 6 41 0 1 4.19
1360 154 0 6 119 11 17 0.02
1361 154 0 6 197 8 10 4.17
1362 154 0 6 90 8 0 2.74
1363 154 0 6 9 5 11 7.99
1364 154 0 6 199 7 9 4.07
1365 155 19 17 151 11 19 6.21
1366 155 19 17 7 16 12 3.09
1367 155 19 17 103 14 16 5.12
1368 155 19 17 174 9 16 3.1
1369 155 19 17 20 8 3 9.9
1370 155 19 17 73 19 10 5.72
1371 155 19 17 142 17 16 4.03
1372 155 19 17 29 5 17 8.31
1373 155 19 17 195 2 1 1.77
1374 155 19 17 31 7 2 2.85
1375 155 19 17 40 4 11 3.34
1376 155 19 17 1 11 5 11.48
1377 155 19 17 26 12 8 3.83
1378 155 19 17 135 13 10 2.02
1379 155 19 17 191 1 18 3.94
1380 155 19 17 152 2 0 8.21
1381 155 19 17 96 17 12 5.38
1382 156 1 11 27 7 8 7.3
1383 156 1 11 141 12 7 6.97
1384 156 1 11 128 11 14 3.76
1385 156 1 11 160 15 6 2.27
1386 156 1 11 165 1 3 4.42
1387 156 1 11 168 19 16 6.85
1388 157 3 1 28 10 7 7.47
1389 157 3 1 178 5 4 8.5
1390 157 3 1 49 14 15 5.72
1391 157 3 1 171 3 16 4.84
1392 157 3 1 146 8 1 4.35
1393 157 3 1 64 18 9 3.51
1394 157 3 1 133 6 0 4.81
1395 157 3 1 85 13 9 4.46
1396 157 3 1 8 2 15 6.45
1397 157 3 1 145 18 6 5.61
1398 157 3 1 59 11 3 5.56
1399 157 3 1 97 3 5 6.22
1400 157 3 1 18 8 6 1.6
1401 157 3 1 169 12 6 3.56
1402 158 10 13 87 2 11 5.01
1403 158 10 13 176 11 0 11.26
1404 158 10 13 170 17 8 11.61
1405 158 10 13 88 6 7 6.19
1406 159 8 9 9 5 11 10.94
1407 159 8 9 33 17 18 6.4
1408 159 8 9 38 5 10 4.47
1409 159 8 9 50 9 11 1.96
1410 159 8 9 65 8 11 10.37
1411 159 8 9 47 12 15 3.88
1412 159 8 9 20 8 3 6.34
1413 159 8 9 118 16 5 6.78
1414 159 8 9 13 12 17 5.34
1415 160 15 6 32 9 10 7.43
1416 160 15 6 80 11 6 9.31
1417 160 15 6 177 3 17 3.94
1418 160 15 6 4 18 19 2.05
1419 160 15 6 197 8 10 3.99
1420 160 15 6 168 19 16 7.69
1421 160 15 6 185 11 16 4.0
1422 160 15 6 111 2 6 5.55
1423 160 15 6 54 0 3 8.8
1424 161 1 5 163 7 15 8.89
1425 161 1 5 177 3 17 5.91
1426 161 1 5 74 12 11 4.81
1427 162 16 6 110 4 3 2.01
1428 162 16 6 78 8 18 4.49
1429 162 16 6 135 13 10 2.36
1430 162 16 6 170 17 8 11.79
1431 162 16 6 7 16 12 2.72
1432 162 16 6 0 7 19 2.83
1433 162 16 6 17 9 17 1.99
1434 162 16 6 36 15 13 1.51
1435 163 7 15 154 0 6 2.99
1436 163 7 15 197 8 10 4.92
1437 163 7 15 136 5 16 5.45
1438 163 7 15 39 5 2 5.33
1439 163 7 15 101 2 18 2.04
1440 163 7 15 100 13 3 5.29
1441 164 13 5 21 9 8 8.43
1442 164 13 5 184 11 18 4.49
1443 164 13 5 32 9 10 5.05
1444 164 13 5 197 8 10 3.89
1445 164 13 5 79 9 14 1.25
1446 164 13 5 55 16 4 7.05
1447 164 13 5 156 1 11 4.94
1448 164 13 5 76 15 0 6.11
1449 165 1 3 152 2 0 7.21
1450 165 1 3 113 4 14 2.07
1451 166 19 8 159 8 9 6.19
1452 166 19 8 123 1 6 4.85
1453 166 19 8 30 19 12 6.36
1454 166 19 8 3 14 18 2.16
1455 166 19 8 193 0 8 2.97
1456 166 19 8 101 2 18 1.65
1457 166 19 8 104 14 19 2.17
1458 166 19 8 0 7 19 1.92
1459 167 10 11 98 17 1 4.42
1460 167 10 11 85 13 9 3.99
1461 167 10 11 196 10 0 2.47
1462 167 10 11 86 11 7 4.27
1463 167 10 11 44 3 8 9.0
1464 167 10 11 156 1 11 3.79
1465 167 10 11 150 4 6 7.27
1466 167 10 11 147 9 18 3.68
1467 167 10 11 155 19 17 5.86
1468 167 10 11 8 2 15 8.19
1469 167 10 11 84 15 7 8.14
1470 167 10 11 31 7 2 3.29
1471 167 10 11 56 16 18 1.42
1472 167 10 11 187 0 17 9.19
1473 167 10 11 106 7 16 6.06
1474 168 19 16 38 5 10 3.12
1475 168 19 16 176 11 0 7.97
1476 168 19 16 39 5 2 6.24
1477 168 19 16 68 14 2 3.88
1478 169 12 6 131 12 13 2.35
1479 170 17 8 102 1 2 2.31
1480 170 17 8 195 2 1 2.59
1481 170 17 8 4 18 19 1.36
1482 170 17 8 73 19 10 5.52
1483 170 17 8 25 9 19 4.04
1484 171 3 16 32 9 10 7.26
1485 171 3 16 125 11 2 3.7
1486 171 3 16 71 6 1 3.59
1487 171 3 16 132 10 18 6.87
1488 171 3 16 91 17 5 11.9
1489 172 4 8 41 0 1 6.58
1490 172 4 8 144 15 18 8.59
1491 172 4 8 94 7 1 4.31
1492 172 4 8 8 2 15 6.46
1493 172 4 8 96 17 12 4.39
1494 172 4 8 116 19 0 6.02
1495 172 4 8 0 7 19 2.32
1496 173 12 16 26 12 8 4.28
1497 174 9 16 77 15 12 4.69
1498 174 9 16 164 13 5 5.74
1499 174 9 16 112 8 7 10.06
1500 175 4 12 160 15 6 1.56
1501 175 4 12 127 12 9 6.74
1502 175 4 12 35 5 7 9.33
1503 175 4 12 181 12 4 5.01
1504 175 4 12 115 5 14 4.15
1505 175 4 12 20 8 3 6.29
1506 175 4 12 53 7 18 2.81
1507 176 11 0 116 19 0 6.42
1508 176 11 0 146 8 1 4.72
1509 176 11 0 119 11 17 0.02
1510 176 11 0 104 14 19 2.33
1511 176 11 0 17 9 17 2.73
1512 176 11 0 58 18 1 3.53
1513 176 11 0 114 19 6 3.23
1514 176 11 0 118 16 5 6.79
1515 176 11 0 120 4 5 8.41
1516 176 11 0 54 0 3 6.46
1517 176 11 0 78 8 18 5.47
1518 176 11 0 151 11 19 5.49
1519 176 11 0 181 12 4 7.01
1520 176 11 0 141 12 7 5.24
1521 176 11 0 2 15 8 7.29
1522 176 11 0 127 12 9 7.02
1523 176 11 0 187 0 17 8.66
1524 176 11 0 14 5 6 2.29
1525 176 11 0 109 10 4 6.75
1526 177 3 17 162 16 6 7.24
1527 178 5 4 73 19 10 7.07
1528 178 5 4 78 8 18 5.56
1529 178 5 4 185 11 16 4.83
1530 178 5 4 188 10 17 9.03
1531 178 5 4 161 1 5 5.77
1532 178 5 4 44 3 8 8.44
1533 178 5 4 71 6 1 3.2
1534 178 5 4 25 9 19 3.84
1535 178 5 4 85 13 9 4.68
1536 178 5 4 109 10 4 7.25
1537 178 5 4 179 19 4 5.54
1538 179 19 4 10 18 17 4.34
1539 179 19 4 85 13 9 5.17
1540 179 19 4 42 6 11 11.24
1541 179 19 4 29 5 17 8.29
1542 179 19 4 191 1 18 4.19
1543 179 19 4 39 5 2 6.24
1544 179 19 4 23 18 13 1.67
1545 179 19 4 181 12 4 5.45
1546 179 19 4 102 1 2 1.7
1547 180 14 10 71 6 1 3.45
1548 180 14 10 3 14 18 3.16
1549 180 14 10 150 4 6 7.18
1550 180 14 10 29 5 17 9.47
1551 180 14 10 100 13 3 4.81
1552 180 14 10 157 3 1 3.96
1553 181 12 4 160 15 6 1.59
1554 181 12 4 32 9 10 8.04
1555 181 12 4 97 3 5 6.08
1556 181 12 4 80 11 6 8.5
1557 181 12 4 55 16 4 5.67
1558 181 12 4 127 12 9 7.24
1559 181 12 4 199 7 9 3.06
1560 182 9 15 118 16 5 8.01
1561 182 9 15 157 3 1 3.18
1562 182 9 15 15 6 15 6.89
1563 182 9 15 184 11 18 5.79
1564 182 9 15 158 10 13 1.81
1565 182 9 15 79 9 14 1.31
1566 183 15 14 10 18 17 5.09
1567 183 15 14 96 17 12 5.28
1568 183 15 14 61 19 15 5.68
1569 183 15 14 80 11 6 9.94
1570 183 15 14 98 17 1 5.59
1571 183 15 14 32 9 10 5.13
1572 183 15 14 59 11 3 7.77
1573 183 15 14 186 2 12 3.94
1574 183 15 14 128 11 14 3.72
1575 183 15 14 97 3 5 7.22
1576 183 15 14 163 7 15 8.62
1577 184 11 18 166 19 8 4.65
1578 184 11 18 68 14 2 4.02
1579 184 11 18 194 16 19 6.19
1580 185 11 16 123 1 6 4.14
1581 185 11 16 149 18 4 3.87
1582 185 11 16 154 0 6 4.27
1583 185 11 16 21 9 8 8.15
1584 185 11 16 19 13 16 1.37
1585 185 11 16 59 11 3 7.88
1586 185 11 16 15 6 15 9.13
1587 185 11 16 110 4 3 1.86
1588 185 11 16 26 12 8 4.58
1589 185 11 16 113 4 14 2.67
1590 185 11 16 67 15 5 7.88
1591 185 11 16 87 2 11 4.56
1592 185 11 16 28 10 7 9.21
1593 186 2 12 16 10 3 6.88
1594 186 2 12 134 16 11 4.77
1595 186 2 12 99 1 16 3.96
1596 186 2 12 148 8 5 1.52
1597 186 2 12 79 9 14 1.22
1598 186 2 12 0 7 19 2.61
1599 187 0 17 26 12 8 5.24
1600 187 0 17 79 9 14 1.04
1601 187 0 17 182 9 15 5.73
1602 187 0 17 61 19 15 6.22
1603 187 0 17 35 5 7 7.8
1604 187 0 17 188 10 17 8.27
1605 187 0 17 16 10 3 6.58
1606 187 0 17 132 10 18 5.67
1607 187 0 17 95 4 18 4.96
1608 187 0 17 38 5 10 3.42
1609 187 0 17 57 7 4 1.96
1610 187 0 17 28 10 7 8.39
1611 187 0 17 52 6 2 6.37
1612 187 0 17 130 13 7 9.74
1613 188 10 17 26 12 8 4.78
1614 188 10 17 35 5 7 7.15
1615 188 10 17 85 13 9 4.78
1616 188 10 17 55 16 4 6.11
1617 188 10 17 105 12 14 2.73
1618 188 10 17 139 16 2 5.48
1619 189 14 17 32 9 10 7.76
1620 189 14 17 111 2 6 5.89
1621 189 14 17 148 8 5 1.52
1622 189 14 17 116 19 0 5.5
1623 189 14 17 72 10 16 3.26
1624 189 14 17 21 9 8 5.24
1625 189 14 17 113 4 14 2.6
1626 189 14 17 69 7 14 2.11
1627 189 14 17 183 15 14 5.53
1628 189 14 17 25 9 19 3.62
1629 189 14 17 18 8 6 1.47
1630 189 14 17 54 0 3 8.46
1631 189 14 17 191 1 18 3.85
1632 189 14 17 75 15 19 8.51
1633 189 14 17 151 11 19 6.63
1634 191 1 18 26 12 8 4.67
1635 191 1 18 66 5 1 4.61
1636 191 1 18 150 4 6 9.76
1637 191 1 18 73 19 10 5.65
1638 191 1 18 137 18 8 4.55
1639 191 1 18 7 16 12 3.29
1640 191 1 18 14 5 6 2.12
1641 191 1 18 84 15 7 8.66
1642 191 1 18 96 17 12 3.91
1643 191 1 18 47 12 15 4.99
1644 191 1 18 138 10 19 6.79
1645 191 1 18 56 16 18 1.73
1646 191 1 18 164 13 5 5.18
1647 191 1 18 62 9 1 3.55
1648 191 1 18 51 7 5 7.55
1649 191 1 18 18 8 6 1.55
1650 191 1 18 85 13 9 5.15
1651 191 1 18 155 19 17 4.45
1652 191 1 18 44 3 8 8.98
1653 192 16 7 179 19 4 5.16
1654 192 16 7 122 1 13 4.18
1655 193 0 8 152 2 0 8.34
1656 193 0 8 53 7 18 2.97
1657 193 0 8 61 19 15 5.6
1658 193 0 8 100 13 3 5.0
1659 193 0 8 70 1 12 1.05
1660 193 0 8 15 6 15 8.37
1661 193 0 8 16 10 3 5.86
1662 193 0 8 121 2 10 7.04
1663 193 0 8 86 11 7 4.94
1664 193 0 8 149 18 4 3.31
1665 193 0 8 58 18 1 4.51
1666 193 0 8 1 11 5 11.75
1667 193 0 8 81 15 1 4.62
1668 193 0 8 40 4 11 2.92
1669 193 0 8 137 18 8 4.79
1670 193 0 8 134 16 11 5.75
1671 193 0 8 87 2 11 4.06
1672 193 0 8 77 15 12 4.72
1673 194 16 19 32 9 10 7.64
1674 194 16 19 3 14 18 2.1
1675 194 16 19 21 9 8 7.99
1676 194 16 19 59 11 3 7.63
1677 194 16 19 4 18 19 1.89
1678 194 16 19 96 17 12 5.61
1679 194 16 19 113 4 14 2.76
1680 194 16 19 172 4 8 5.94
1681 194 16 19 6 6 14 6.41
1682 194 16 19 145 18 6 4.34
1683 194 16 19 193 0 8 2.06
1684 194 16 19 26 12 8 4.58
1685 194 16 19 148 8 5 2.35
1686 194 16 19 178 5 4 12.15
1687 194 16 19 101 2 18 1.97
1688 194 16 19 83 18 14 2.53
1689 194 16 19 110 4 3 1.89
1690 194 16 19 56 16 18 1.62
1691 194 16 19 147 9 18 3.28
1692 195 2 1 79 9 14 1.39
1693 195 2 1 137 18 8 6.96
1694 195 2 1 146 8 1 3.48
1695 195 2 1 181 12 4 4.68
1696 195 2 1 123 1 6 3.97
1697 195 2 1 77 15 12 3.58
1698 195 2 1 54 0 3 7.57
1699 195 2 1 111 2 6 3.56
1700 195 2 1 59 11 3 6.85
1701 195 2 1 173 12 16 2.19
1702 195 2 1 97 3 5 6.25
1703 195 2 1 110 4 3 1.42
1704 195 2 1 25 9 19 3.83
1705 195 2 1 153 14 5 7.21
1706 196 10 0 198 6 4 3.96
1707 196 10 0 153 14 5 7.71
1708 196 10 0 154 0 6 4.41
1709 196 10 0 114 19 6 3.97
1710 197 8 10 39 5 2 6.57
1711 197 8 10 54 0 3 8.84
1712 197 8 10 159 8 9 8.96
1713 197 8 10 166 19 8 5.05
1714 197 8 10 129 17 0 3.26
1715 197 8 10 149 18 4 3.67
1716 197 8 10 188 10 17 6.32
1717 197 8 10 182 9 15 5.79
1718 197 8 10 150 4 6 8.5
1719 197 8 10 26 12 8 5.48
1720 197 8 10 108 2 3 1.7
1721 197 8 10 24 19 2 1.43
1722 198 6 4 149 18 4 5.0
1723 198 6 4 1 11 5 11.0
1724 198 6 4 132 10 18 9.02
1725 198 6 4 87 2 11 5.04
1726 198 6 4 188 10 17 5.98
1727 198 6 4 139 16 2 4.67
1728 198 6 4 156 1 11 4.53
1729 198 6 4 136 5 16 8.13
1730 198 6 4 92 18 12 3.74
1731 198 6 4 164 13 5 4.27
